10760.22, 1019.73, 23.49,26,254,20,-77,-37,-10,-35,-524,287
13480.10, 1019.71, 23.51,28,253,18,-72,5,-9,-36,-516,272
14430.23, 1019.74, 23.52,22,255,36,-87,-111,-14,-23,-488,288
1539-0.01, 1019.78, 23.52,28,253,24,-61,85,-10,-16,-473,294
1635-0.22, 1019.75, 23.52,28,256,20,-83,-58,-15,-9,-463,292
1730-0.45, 1019.72, 23.54,24,253,16,-73,-13,-6,-11,-462,293
18250.21, 1019.73, 23.55,28,254,18,-80,-38,-7,-7,-463,293
19220.04, 1019.72, 23.56,26,254,19,-76,0,-15,-5,-464,292
2017-0.39, 1019.75, 23.58,26,254,19,-81,-79,-11,-6,-462,290
2163-0.12, 1019.76, 23.56,27,253,14,-77,-9,-10,-5,-463,293
2259-0.50, 1019.68, 23.55,28,253,18,-77,-49,-12,-7,-463,291
23550.04, 1019.71, 23.57,25,254,19,-78,-36,-12,-12,-463,292
2451-0.53, 1019.78, 23.57,27,254,19,-75,-11,-9,-8,-462,289
2546-0.68, 1019.75, 23.57,28,253,20,-77,-11,-14,-8,-464,295
2642-1.22, 1019.83, 23.57,25,254,17,-80,-86,-12,-8,-463,293
2738-0.59, 1019.79, 23.58,26,253,19,-72,34,-10,-9,-465,291
2833-0.32, 1019.78, 23.58,28,253,20,-79,-47,-10,-9,-462,289
29730.04, 1019.77, 23.57,26,253,17,-76,-6,-11,-10,-464,293
3069-0.41, 1019.80, 23.58,26,254,18,-74,-5,-10,-4,-462,294
3165-0.56, 1019.77, 23.57,26,255,22,-80,-74,-13,-6,-463,290
3261-0.55, 1019.72, 23.58,26,254,19,-74,11,-11,-8,-464,293
3356-0.64, 1019.74, 23.59,28,251,19,-79,-47,-10,-5,-466,294
3451-0.85, 1019.78, 23.59,27,254,19,-79,-59,-12,-9,-465,292
3548-0.80, 1019.83, 23.60,28,254,16,-77,-1,-9,-9,-464,289
3643-0.49, 1019.79, 23.60,28,254,19,-77,-29,-12,-8,-463,293
3739-0.64, 1019.79, 23.60,26,253,18,-79,-65,-11,-10,-466,292
3888-0.71, 1019.81, 23.58,27,254,18,-77,-28,-11,-8,-464,292
3984-0.86, 1019.78, 23.58,27,253,18,-77,-31,-10,-6,-466,292
4079-0.89, 1019.76, 23.58,26,253,20,-77,-28,-12,-9,-465,291
4174-1.04, 1019.79, 23.60,26,255,19,-77,-27,-10,-10,-465,291
4271-0.37, 1019.73, 23.58,26,253,20,-78,-32,-13,-9,-465,290
4366-0.47, 1019.78, 23.58,26,254,18,-77,-18,-10,-7,-466,292
4461-0.58, 1019.80, 23.60,27,254,19,-78,-39,-12,-8,-464,293
4557-0.16, 1019.74, 23.58,26,255,19,-77,-25,-10,-11,-465,292
4658-0.49, 1019.77, 23.59,26,254,18,-78,-37,-11,-9,-467,291
4753-0.37, 1019.76, 23.60,27,253,18,-80,-18,-11,-11,-466,295
4849-0.58, 1019.74, 23.60,26,253,19,-79,-52,-10,-7,-464,293
4974-0.70, 1019.82, 23.60,28,253,21,-73,-2,-12,-11,-464,293
5069-0.58, 1019.72, 23.60,26,254,20,-75,-36,-8,-8,-464,289
5165-0.46, 1019.73, 23.59,26,254,27,-81,-15,-12,-9,-465,293
5260-0.76, 1019.76, 23.60,27,254,19,-78,-22,-10,-6,-463,291
5356-0.88, 1019.81, 23.61,26,253,20,-79,-60,-12,-7,-464,290
5451-0.73, 1019.81, 23.61,27,253,20,-72,-11,-10,-8,-465,293
5566-0.40, 1019.80, 23.60,27,253,19,-81,-39,-11,-9,-464,291
5661-0.97, 1019.81, 23.60,26,253,20,-75,-23,-12,-10,-464,293
5773-0.64, 1019.79, 23.60,26,253,16,-82,-51,-10,-8,-464,289
5868-0.31, 1019.77, 23.60,23,254,20,-81,-25,-11,-11,-464,291
5979-0.19, 1019.76, 23.60,27,254,18,-78,-27,-8,-10,-463,292
6074-0.45, 1019.74, 23.60,26,253,18,-71,-25,-10,-11,-465,291
6169-0.39, 1019.79, 23.61,26,256,26,-80,-45,-12,-11,-464,291
6264-0.06, 1019.71, 23.60,28,252,19,-76,10,-9,-8,-463,292
6365-0.03, 1019.71, 23.62,27,253,20,-87,-61,-13,-9,-463,291
6461-0.06, 1019.72, 23.61,27,252,11,-76,-83,-8,-8,-465,290
65560.27, 1019.72, 23.61,28,252,15,-78,32,-9,-8,-462,293
6651-0.33, 1019.72, 23.62,26,254,15,-75,-73,-10,-11,-466,292
6747-0.21, 1019.80, 23.60,28,253,16,-75,-20,-15,-10,-465,293
6842-0.27, 1019.73, 23.62,26,252,15,-86,-98,-7,-12,-462,289
69370.30, 1019.67, 23.62,30,252,17,-66,86,-13,-9,-466,289
70320.13, 1019.68, 23.62,28,254,22,-85,-149,-13,-8,-465,293
7134-0.12, 1019.73, 23.61,22,253,14,-66,87,-10,-8,-465,291
7229-0.18, 1019.70, 23.61,29,253,16,-90,-88,-12,-7,-462,291
7324-0.06, 1019.72, 23.62,29,252,16,-66,-28,-12,-10,-463,290
7419-0.24, 1019.70, 23.63,29,254,18,-77,-47,-6,-7,-464,291
7515-0.39, 1019.78, 23.62,35,255,14,-81,24,-14,-13,-464,292
7611-0.12, 1019.73, 23.62,27,244,9,-90,-44,-15,-10,-466,293
77060.28, 1019.75, 23.62,29,255,17,-77,-40,-9,-7,-464,293
7801-0.54, 1019.73, 23.62,28,253,13,-64,-22,-10,-7,-465,293
7897-0.12, 1019.71, 23.63,29,257,24,-82,5,-17,-7,-463,292
7997-0.08, 1019.71, 23.62,26,254,17,-69,3,-10,-7,-463,291
8092-0.06, 1019.72, 23.62,30,254,23,-76,-32,-12,-7,-464,291
8188-0.77, 1019.80, 23.62,23,255,22,-84,-29,-11,-12,-463,292
8284-0.33, 1019.72, 23.63,27,254,19,-69,-34,-10,-12,-462,294
8379-0.35, 1019.70, 23.63,26,255,22,-82,-19,-14,-10,-465,288
8474-0.51, 1019.74, 23.62,26,253,16,-77,-24,-8,-10,-464,290
8570-0.48, 1019.73, 23.62,25,253,17,-75,-70,-10,-9,-465,293
8666-0.15, 1019.74, 23.62,28,254,21,-73,-13,-13,-9,-467,293
8804-0.39, 1019.74, 23.62,25,254,14,-83,-60,-8,-10,-463,290
8903-0.51, 1019.78, 23.62,22,251,16,-73,4,-8,-11,-464,294
8998-0.21, 1019.71, 23.61,25,255,17,-81,-67,-13,-12,-464,292
9094-0.33, 1019.76, 23.62,26,254,18,-71,47,-12,-9,-466,293
91890.01, 1019.77, 23.62,26,253,20,-79,-98,-8,-7,-466,292
9285-0.48, 1019.75, 23.62,27,253,17,-75,-11,-13,-12,-466,292
9380-0.41, 1019.78, 23.62,25,255,21,-81,-32,-9,-8,-462,294
9476-0.48, 1019.76, 23.63,27,253,17,-73,13,-11,-6,-465,291
9571-0.78, 1019.78, 23.61,26,254,17,-86,-121,-11,-11,-459,292
9673-0.42, 1019.75, 23.62,23,252,20,-70,39,-13,-9,-463,290
9772-0.12, 1019.75, 23.63,30,253,20,-79,-9,-12,-7,-465,291
9868-0.75, 1019.73, 23.63,26,254,21,-75,-23,-11,-8,-463,293
9963-0.21, 1019.81, 23.62,26,255,18,-81,-72,-11,-12,-464,292
10058-0.53, 1019.80, 23.62,26,254,19,-77,7,-9,-10,-464,291
10153-0.24, 1019.73, 23.63,26,255,18,-81,-105,-10,-11,-463,288
10250-0.21, 1019.74, 23.63,26,253,19,-71,10,-12,-10,-466,292
10345-0.29, 1019.72, 23.63,27,254,24,-78,-5,-12,-9,-464,291
10463-0.35, 1019.77, 23.63,26,253,21,-74,-32,-10,-9,-464,290
10562-0.21, 1019.78, 23.63,30,252,18,-81,-6,-13,-11,-464,291
10672-0.45, 1019.80, 23.62,26,253,21,-80,-68,-8,-8,-462,292
10768-0.69, 1019.77, 23.62,29,254,9,-73,-2,-11,-8,-465,290
10863-0.53, 1019.75, 23.62,25,253,15,-75,-6,-8,-10,-465,291
10972-0.71, 1019.76, 23.62,24,254,19,-81,-77,-9,-7,-463,292
11068-0.27, 1019.81, 23.63,25,251,20,-75,-47,-11,-9,-467,291
11163-0.39, 1019.81, 23.63,29,253,19,-73,19,-10,-9,-463,291
11258-0.42, 1019.73, 23.63,26,254,23,-79,-51,-11,-8,-464,292
11353-0.62, 1019.75, 23.63,29,253,19,-77,-55,-9,-9,-462,292
11451-0.47, 1019.78, 23.64,25,254,18,-77,-3,-9,-7,-464,292
11547-0.69, 1019.72, 23.63,28,253,18,-79,-52,-12,-9,-465,291
11642-0.20, 1019.70, 23.63,28,253,20,-81,-44,-14,-9,-468,291
11738-0.29, 1019.77, 23.63,28,253,20,-75,-29,-11,-11,-463,293
11834-0.17, 1019.74, 23.63,26,253,23,-74,-10,-11,-11,-466,292
11929-0.47, 1019.71, 23.64,26,254,18,-79,-42,-5,-7,-464,291
12024-0.23, 1019.78, 23.63,26,253,20,-75,13,-9,-7,-464,294
12127-0.17, 1019.76, 23.63,26,253,19,-79,-64,-13,-7,-464,292
12225-0.53, 1019.75, 23.63,28,253,15,-73,-4,-8,-9,-464,293
12321-0.44, 1019.73, 23.63,28,252,19,-78,-15,-10,-8,-464,291
12417-0.02, 1019.72, 23.63,37,253,19,-80,-60,-9,-8,-464,291
12512-0.20, 1019.75, 23.64,26,254,19,-75,-2,-9,-10,-463,293
12638-0.48, 1019.72, 23.63,29,255,20,-77,-51,-15,-8,-463,292
12734-0.35, 1019.78, 23.63,26,252,10,-73,-17,-9,-9,-464,293
12829-0.59, 1019.76, 23.64,26,253,17,-75,-6,-10,-10,-464,292
12932-0.59, 1019.75, 23.64,27,253,19,-81,-84,-8,-9,-464,290
13030-0.05, 1019.70, 23.65,25,252,13,-72,20,-10,-8,-466,293
13126-0.47, 1019.74, 23.62,28,252,17,-80,-57,-12,-6,-461,291
13221-0.53, 1019.73, 23.64,27,254,16,-76,-18,-12,-9,-464,291
13318-0.47, 1019.72, 23.63,25,254,18,-75,-24,-8,-8,-465,292
13413-0.35, 1019.74, 23.64,27,252,18,-76,-8,-11,-8,-463,290
13508-0.31, 1019.81, 23.66,25,255,18,-80,-64,-12,-8,-462,292
13604-0.47, 1019.79, 23.65,27,252,17,-77,-9,-9,-9,-463,293
13700-0.32, 1019.75, 23.64,27,254,20,-77,-22,-11,-10,-463,292
13807-0.71, 1019.76, 23.63,27,253,18,-75,-35,-9,-7,-463,292
13905-0.32, 1019.76, 23.63,27,255,23,-74,13,-11,-9,-464,290
14001-0.47, 1019.75, 23.65,26,252,19,-75,-33,-12,-7,-464,295
14097-0.35, 1019.74, 23.65,26,254,19,-79,-39,-11,-6,-463,291
14192-0.11, 1019.73, 23.64,26,253,18,-77,-34,-11,-8,-462,290
142870.11, 1019.75, 23.65,27,254,17,-77,-18,-11,-11,-464,292
14384-0.67, 1019.77, 23.65,25,253,19,-78,-50,-11,-6,-463,290
14479-0.25, 1019.77, 23.65,26,253,17,-76,-18,-10,-8,-463,293
145790.02, 1019.74, 23.65,27,253,18,-77,-46,-12,-7,-465,289
14674-0.70, 1019.75, 23.65,26,253,18,-75,-19,-10,-7,-469,287
14770-0.64, 1019.81, 23.65,29,253,17,-77,-26,-12,-8,-464,292
14866-0.50, 1019.80, 23.65,24,253,19,-75,-28,-9,-7,-467,290
14961-0.37, 1019.82, 23.65,25,254,18,-76,-19,-9,-8,-466,293
15056-0.43, 1019.73, 23.66,28,253,17,-77,-53,-9,-7,-463,290
15169-0.20, 1019.84, 23.65,26,253,19,-80,-57,-12,-6,-463,292
15279-0.16, 1019.74, 23.63,28,254,18,-73,23,-10,-11,-463,294
15381-0.47, 1019.73, 23.65,27,254,16,-81,-67,-12,-7,-461,290
15480-0.41, 1019.68, 23.65,24,253,19,-74,-42,-11,-7,-464,292
15576-0.38, 1019.73, 23.65,26,254,23,-80,14,-10,-11,-462,291
15672-0.31, 1019.75, 23.65,26,254,24,-80,-62,-13,-10,-463,293
15767-0.98, 1019.80, 23.65,25,255,20,-74,-23,-10,-8,-465,291
15863-0.07, 1019.76, 23.65,22,254,16,-79,-7,-8,-8,-463,292
15959-1.06, 1019.78, 23.66,32,253,19,-77,-68,-13,-8,-465,290
16054-0.34, 1019.77, 23.66,24,253,15,-75,9,-9,-10,-464,291
16156-0.25, 1019.78, 23.65,28,253,18,-78,-31,-9,-7,-461,290
16256-0.61, 1019.77, 23.65,26,253,19,-79,-60,-12,-7,-465,291
16351-0.55, 1019.74, 23.64,26,255,17,-74,21,-11,-11,-464,292
16478-0.47, 1019.76, 23.66,27,253,18,-82,-77,-11,-7,-464,290
16573-0.59, 1019.77, 23.65,26,253,18,-73,-6,-12,-11,-465,293
16669-0.11, 1019.79, 23.63,26,253,17,-78,-35,-11,-7,-464,294
16813-0.41, 1019.82, 23.65,25,254,19,-78,-53,-8,-9,-463,292
16909-0.59, 1019.75, 23.65,26,253,20,-73,12,-13,-6,-463,291
17005-0.47, 1019.78, 23.65,25,254,17,-80,-73,-10,-10,-463,290
17107-0.82, 1019.74, 23.65,27,253,18,-74,17,-10,-10,-465,290
17206-0.73, 1019.76, 23.65,27,253,19,-78,-44,-11,-10,-462,292
17302-0.31, 1019.74, 23.65,27,254,17,-79,-32,-12,-9,-464,292
17397-0.46, 1019.75, 23.66,27,254,20,-76,1,-12,-10,-466,293
17494-0.49, 1019.75, 23.66,27,253,16,-79,-62,-10,-10,-464,292
17589-0.52, 1019.76, 23.66,26,253,20,-75,-6,-11,-10,-463,294
17684-0.52, 1019.78, 23.65,27,254,19,-76,-11,-10,-8,-462,291
177800.06, 1019.76, 23.65,26,254,18,-78,-41,-12,-7,-463,291
178830.20, 1019.71, 23.66,26,253,20,-75,-15,-10,-12,-463,289
17981-0.58, 1019.76, 23.65,27,253,18,-77,-33,-11,-6,-463,293
18077-0.31, 1019.74, 23.65,27,252,19,-77,-30,-11,-9,-465,293
18172-0.64, 1019.77, 23.66,27,253,19,-76,-21,-11,-8,-467,291
18268-0.70, 1019.76, 23.66,26,253,19,-77,-34,-11,-6,-464,287
183640.12, 1019.76, 23.66,27,253,19,-76,-30,-10,-9,-462,291
18459-0.15, 1019.70, 23.66,27,253,20,-75,-24,-12,-8,-466,290
18555-0.36, 1019.75, 23.65,27,254,18,-77,-10,-10,-7,-466,294
18657-0.52, 1019.77, 23.66,26,254,19,-76,-29,-11,-7,-465,292
18756-0.43, 1019.73, 23.66,26,254,18,-77,-25,-11,-9,-465,290
18851-0.61, 1019.80, 23.67,26,253,17,-77,-23,-11,-8,-463,290
18948-0.91, 1019.78, 23.66,27,253,17,-77,-29,-11,-9,-463,291
19043-0.64, 1019.83, 23.66,27,252,19,-77,-30,-10,-8,-463,289
19138-0.37, 1019.80, 23.67,27,253,20,-76,-23,-11,-9,-465,290
19234-0.70, 1019.77, 23.67,27,253,19,-77,-26,-11,-11,-464,292
19330-0.22, 1019.78, 23.67,25,253,19,-75,-17,-10,-9,-463,291
19432-0.07, 1019.73, 23.67,27,254,19,-76,-26,-11,-8,-464,291
19531-0.49, 1019.82, 23.65,27,254,19,-76,-29,-11,-8,-465,292
19627-0.36, 1019.81, 23.67,26,253,20,-77,-29,-10,-8,-463,295
19753-0.49, 1019.76, 23.66,27,254,19,-77,-24,-11,-10,-461,293
19849-0.34, 1019.79, 23.66,27,253,19,-77,-32,-11,-5,-465,292
19945-0.25, 1019.75, 23.66,26,252,18,-76,-24,-10,-10,-463,290
20040-0.46, 1019.77, 23.66,26,253,19,-77,-26,-9,-8,-464,293
20136-0.97, 1019.75, 23.67,26,252,19,-77,-35,-10,-9,-462,292
20232-0.42, 1019.77, 23.67,26,254,18,-78,-35,-11,-9,-463,291
20364-0.49, 1019.77, 23.67,28,252,19,-77,-31,-11,-8,-463,291
20462-0.58, 1019.76, 23.67,25,254,18,-78,-28,-11,-9,-463,292
20558-0.82, 1019.73, 23.66,26,254,19,-76,-28,-12,-11,-465,289
20654-0.40, 1019.80, 23.66,26,254,18,-78,-35,-11,-9,-465,290
20749-0.16, 1019.77, 23.67,26,253,18,-76,-17,-11,-9,-465,292
20845-0.64, 1019.81, 23.68,27,252,18,-78,-36,-11,-10,-465,292
20940-0.75, 1019.74, 23.67,27,254,17,-77,-31,-10,-7,-463,291
21036-0.27, 1019.81, 23.68,27,254,18,-78,-30,-11,-9,-465,293
21138-0.64, 1019.76, 23.67,27,253,20,-77,-25,-12,-9,-464,291
21237-0.48, 1019.75, 23.67,27,254,17,-78,-36,-11,-9,-461,291
21332-0.22, 1019.80, 23.67,27,253,19,-75,-18,-10,-11,-463,291
21429-0.54, 1019.75, 23.69,27,253,18,-78,-36,-11,-7,-463,290
21524-0.60, 1019.80, 23.67,26,253,18,-76,-18,-10,-8,-466,290
21619-0.06, 1019.75, 23.67,26,254,17,-77,-27,-10,-8,-462,292
21715-0.69, 1019.78, 23.67,26,254,18,-76,-25,-11,-10,-464,295
21811-0.91, 1019.82, 23.67,27,254,17,-78,-33,-10,-9,-462,292
21913-0.55, 1019.79, 23.68,27,254,19,-78,-31,-10,-10,-464,291
22011-0.61, 1019.77, 23.68,28,253,18,-75,-20,-10,-8,-465,290
22108-0.67, 1019.80, 23.69,27,254,18,-78,-25,-10,-8,-462,293
22203-0.54, 1019.76, 23.69,27,253,19,-78,-49,-10,-9,-463,291
22299-0.99, 1019.84, 23.69,27,254,20,-77,-14,-11,-9,-463,290
22394-0.45, 1019.84, 23.69,27,253,18,-77,-33,-11,-10,-463,294
22503-0.94, 1019.78, 23.69,26,254,18,-77,-22,-11,-10,-461,292
22599-0.85, 1019.79, 23.68,27,253,17,-77,-30,-10,-9,-464,292
22701-0.54, 1019.79, 23.69,26,253,18,-77,-22,-12,-8,-466,292
22800-0.90, 1019.81, 23.68,27,254,19,-78,-43,-10,-10,-467,291
22895-0.61, 1019.84, 23.68,27,253,18,-75,-3,-11,-8,-465,293
22990-1.05, 1019.78, 23.68,28,253,20,-77,-47,-10,-9,-465,290
23087-1.17, 1019.81, 23.67,27,254,16,-76,-18,-11,-10,-464,292
23182-0.85, 1019.82, 23.69,27,254,20,-77,-32,-11,-10,-462,292
23278-0.54, 1019.77, 23.68,27,252,18,-77,-32,-10,-8,-460,291
23373-0.54, 1019.77, 23.69,26,253,18,-78,-22,-11,-8,-461,292
23469-1.05, 1019.79, 23.68,26,254,18,-75,-23,-9,-9,-463,292
23571-1.08, 1019.81, 23.70,26,254,18,-78,-24,-11,-9,-462,293
23669-1.08, 1019.82, 23.67,26,254,18,-76,-20,-9,-8,-466,289
23766-0.51, 1019.81, 23.69,27,252,19,-79,-34,-12,-5,-462,290
23861-0.90, 1019.75, 23.70,26,253,17,-74,-14,-11,-11,-465,291
23956-0.48, 1019.81, 23.70,26,253,17,-80,-49,-11,-8,-464,291
24052-0.60, 1019.77, 23.70,27,254,19,-75,-4,-11,-10,-466,290
24192-0.76, 1019.80, 23.69,26,255,19,-86,-122,-10,-8,-463,293
24287-1.38, 1019.85, 23.69,27,252,18,-70,53,-11,-10,-465,292
24406-1.09, 1019.84, 23.68,26,252,12,-84,-60,-11,-11,-462,291
24505-1.00, 1019.80, 23.68,26,253,16,-76,-31,-11,-8,-464,292
24600-0.87, 1019.79, 23.69,28,254,19,-76,-5,-12,-9,-462,293
24696-1.17, 1019.82, 23.69,28,254,19,-78,-63,-13,-7,-464,289
24792-0.99, 1019.79, 23.70,25,251,24,-70,-17,-11,-10,-464,294
24887-1.17, 1019.82, 23.69,25,255,19,-77,-13,-8,-8,-464,294
24983-0.78, 1019.82, 23.69,28,253,18,-68,9,-8,-10,-463,292
25078-0.87, 1019.80, 23.70,25,253,22,-82,-84,-11,-8,-464,292
25181-0.57, 1019.77, 23.69,25,254,19,-78,-17,-12,-10,-466,290
25280-0.51, 1019.74, 23.70,27,252,22,-82,-4,-9,-8,-464,289
25375-0.95, 1019.77, 23.69,30,255,21,-80,-101,-10,-11,-461,287
25470-0.90, 1019.81, 23.71,30,255,21,-69,2,-8,-11,-464,290
25567-0.90, 1019.83, 23.70,22,254,22,-81,-27,-10,-10,-462,291
25662-0.44, 1019.78, 23.71,28,252,22,-76,-19,-10,-10,-465,292
25757-0.87, 1019.83, 23.71,27,254,18,-77,-42,-12,-7,-463,291
25853-0.68, 1019.83, 23.70,26,255,17,-78,-52,-11,-10,-463,291
25956-1.26, 1019.85, 23.70,27,253,17,-71,23,-10,-10,-465,292
26054-0.42, 1019.81, 23.71,26,253,18,-81,-52,-12,-10,-465,292
26149-0.89, 1019.79, 23.71,26,253,19,-75,-6,-11,-7,-463,291
26246-1.23, 1019.85, 23.70,27,253,18,-78,-33,-11,-8,-463,292
26341-0.57, 1019.79, 23.70,25,254,18,-75,-29,-12,-10,-465,290
26437-0.98, 1019.83, 23.70,28,253,19,-74,-35,-10,-10,-466,291
26532-1.10, 1019.77, 23.72,27,253,19,-75,-10,-10,-9,-465,289
26628-0.80, 1019.79, 23.70,27,254,18,-80,-44,-12,-7,-462,291
26724-0.83, 1019.79, 23.71,26,254,17,-76,-17,-11,-6,-461,293
26824-0.29, 1019.79, 23.70,27,253,20,-78,-39,-11,-11,-465,291
26924-0.53, 1019.76, 23.70,25,253,19,-75,-1,-10,-10,-462,289
27019-0.75, 1019.80, 23.70,27,254,20,-79,-53,-11,-13,-463,292
27114-0.59, 1019.82, 23.71,26,253,14,-73,-9,-10,-8,-462,291
27210-0.08, 1019.75, 23.71,25,253,18,-78,-32,-12,-7,-464,293
27305-0.56, 1019.83, 23.71,27,252,20,-78,-49,-10,-10,-463,293
27401-0.80, 1019.81, 23.70,26,253,17,-75,-10,-11,-9,-465,291
27497-1.04, 1019.85, 23.72,28,254,19,-77,-58,-9,-8,-464,290
27596-0.77, 1019.82, 23.71,26,253,18,-76,14,-14,-7,-464,291
27692-0.68, 1019.77, 23.71,26,254,17,-78,-57,-10,-7,-464,293
27788-0.86, 1019.75, 23.72,27,253,14,-72,5,-10,-10,-463,293
27883-1.07, 1019.86, 23.71,25,255,17,-85,-83,-13,-10,-464,291
28009-0.68, 1019.77, 23.72,28,253,17,-73,14,-9,-9,-464,292
28104-0.95, 1019.76, 23.71,28,253,19,-74,-44,-14,-10,-466,289
28214-0.95, 1019.83, 23.71,27,255,16,-78,-37,-9,-7,-466,289
28309-0.83, 1019.78, 23.72,27,253,19,-74,42,-12,-9,-465,290
28411-0.74, 1019.78, 23.71,25,253,20,-78,-81,-10,-6,-461,289
28510-0.92, 1019.81, 23.72,27,252,16,-77,26,-12,-9,-463,292
28606-0.92, 1019.83, 23.72,28,252,16,-76,-48,-9,-8,-463,291
28716-0.86, 1019.79, 23.70,28,255,24,-82,-45,-12,-9,-465,294
28812-0.92, 1019.80, 23.72,27,254,20,-71,2,-8,-10,-463,292
28907-0.89, 1019.81, 23.72,25,253,18,-80,-62,-12,-8,-462,288
29021-0.32, 1019.75, 23.72,27,253,18,-76,-10,-9,-7,-462,292
29116-1.10, 1019.84, 23.72,27,254,20,-79,-40,-11,-8,-464,291
29212-0.98, 1019.85, 23.72,26,254,18,-76,-38,-11,-10,-461,291
29315-1.01, 1019.83, 23.72,28,253,15,-78,-2,-11,-9,-465,293
29413-0.77, 1019.85, 23.72,26,254,19,-77,-51,-11,-10,-462,291
29509-0.91, 1019.80, 23.73,26,253,18,-76,-22,-11,-8,-462,291
29604-1.27, 1019.84, 23.74,26,254,20,-76,-13,-10,-8,-463,293
29701-1.27, 1019.79, 23.74,27,253,16,-77,-44,-11,-8,-462,290
29796-1.16, 1019.83, 23.74,26,254,19,-77,-19,-11,-8,-464,293
29892-0.91, 1019.87, 23.74,27,253,17,-77,-23,-10,-6,-462,293
29987-1.13, 1019.83, 23.73,26,254,18,-78,-38,-11,-7,-460,291
30090-1.06, 1019.79, 23.74,26,254,19,-75,-6,-11,-9,-461,290
30188-1.16, 1019.88, 23.73,26,254,19,-78,-36,-12,-9,-461,291
30284-0.94, 1019.78, 23.73,27,254,20,-76,-37,-10,-9,-463,292
30380-1.27, 1019.82, 23.73,26,254,18,-76,1,-11,-6,-463,290
30475-0.85, 1019.85, 23.74,27,252,19,-77,-61,-12,-8,-462,291
30571-1.01, 1019.86, 23.73,27,252,18,-76,-14,-11,-7,-464,292
30666-0.77, 1019.84, 23.72,27,253,19,-77,-31,-11,-8,-461,291
30763-0.94, 1019.79, 23.73,27,253,20,-78,-39,-11,-6,-462,294
30864-0.61, 1019.81, 23.73,26,254,19,-76,-16,-11,-8,-459,292
30963-1.18, 1019.87, 23.73,27,253,18,-78,-52,-10,-9,-463,290
31058-1.06, 1019.83, 23.75,27,254,18,-75,-6,-13,-10,-463,290
31155-1.06, 1019.86, 23.74,26,255,18,-80,-69,-10,-12,-463,290
31250-1.31, 1019.88, 23.74,27,253,15,-76,-6,-11,-7,-463,292
31346-1.00, 1019.88, 23.74,26,254,20,-79,-51,-11,-10,-461,289
31441-0.76, 1019.88, 23.73,26,253,17,-76,-21,-11,-9,-462,291
31538-1.06, 1019.84, 23.74,26,253,21,-77,-14,-11,-9,-465,291
31639-0.94, 1019.85, 23.74,26,253,18,-79,-54,-10,-8,-460,294
31738-1.27, 1019.86, 23.74,26,253,20,-75,8,-12,-10,-462,292
31863-1.27, 1019.86, 23.74,27,253,19,-79,-62,-11,-10,-463,293
31960-1.13, 1019.87, 23.72,26,253,17,-73,4,-10,-10,-464,293
32055-0.73, 1019.85, 23.73,30,252,16,-76,-15,-8,-11,-466,291
32151-0.76, 1019.79, 23.73,26,254,18,-80,-36,-9,-7,-461,290
32246-0.46, 1019.79, 23.74,26,253,20,-77,-33,-10,-8,-462,291
32342-0.28, 1019.78, 23.74,28,254,17,-77,-19,-12,-9,-463,289
32438-0.79, 1019.83, 23.75,25,254,18,-76,-29,-11,-8,-463,291
32540-1.36, 1019.83, 23.74,28,254,18,-78,-29,-12,-11,-460,291
32638-0.97, 1019.90, 23.75,25,254,17,-75,-42,-9,-7,-463,290
32735-1.09, 1019.84, 23.75,27,254,19,-77,-10,-11,-8,-462,293
32830-0.97, 1019.81, 23.74,27,253,19,-80,-61,-11,-9,-464,291
32925-0.99, 1019.83, 23.74,26,253,18,-73,21,-10,-4,-464,293
33021-0.55, 1019.82, 23.74,27,254,19,-80,-47,-13,-5,-464,292
33117-1.30, 1019.81, 23.74,27,252,17,-73,-1,-12,-9,-464,292
33227-1.00, 1019.79, 23.75,26,253,18,-78,-23,-12,-8,-462,289
33330-0.85, 1019.84, 23.74,29,253,17,-76,-26,-13,-8,-465,292
33428-1.17, 1019.84, 23.75,27,252,19,-75,-3,-13,-7,-465,293
33524-0.63, 1019.76, 23.74,26,253,18,-77,-49,-11,-6,-466,289
33637-0.70, 1019.78, 23.74,27,253,18,-76,-1,-13,-10,-464,293
33732-0.27, 1019.75, 23.74,27,254,18,-79,-35,-10,-7,-463,292
33828-0.51, 1019.82, 23.74,27,253,18,-75,-6,-11,-7,-461,291
33937-0.73, 1019.76, 23.74,25,254,21,-77,-30,-12,-10,-460,293
34032-0.34, 1019.70, 23.74,26,253,18,-74,11,-10,-4,-463,291
34135-0.24, 1019.71, 23.75,27,255,19,-79,-54,-12,-9,-462,296
342330.09, 1019.75, 23.75,25,253,19,-78,-52,-12,-10,-462,291
34329-0.21, 1019.75, 23.75,27,254,19,-75,15,-10,-5,-463,290
34424-0.99, 1019.86, 23.75,26,253,19,-78,-60,-12,-5,-463,292
34520-0.73, 1019.76, 23.75,26,253,18,-79,-37,-11,-3,-463,295
34616-0.57, 1019.79, 23.75,26,253,19,-75,17,-10,-9,-465,292
34711-0.45, 1019.73, 23.75,26,253,17,-83,-107,-11,-7,-463,291
34806-0.30, 1019.73, 23.74,26,253,18,-74,15,-9,-8,-463,289
34909-0.51, 1019.81, 23.75,29,253,17,-78,-36,-7,-9,-462,290
35007-0.76, 1019.79, 23.75,26,253,20,-79,-74,-12,-7,-465,291
35103-0.99, 1019.81, 23.76,27,254,19,-74,7,-11,-8,-462,290
35198-1.03, 1019.77, 23.75,28,253,19,-78,-45,-13,-8,-463,295
35294-0.84, 1019.79, 23.76,27,254,16,-76,-34,-11,-11,-465,290
35390-0.96, 1019.82, 23.76,29,253,18,-78,-15,-7,-9,-463,290
35485-1.24, 1019.81, 23.75,30,253,20,-79,-43,-10,-7,-462,292
35580-1.08, 1019.78, 23.75,25,255,20,-79,-57,-10,-9,-465,290
35706-0.78, 1019.84, 23.75,25,253,16,-76,4,-10,-10,-462,291
35808-0.97, 1019.77, 23.74,26,255,19,-81,-81,-9,-6,-464,291
35907-1.03, 1019.77, 23.75,25,253,18,-73,8,-11,-10,-464,293
36002-0.39, 1019.82, 23.75,28,253,19,-79,-70,-9,-9,-463,292
36099-0.33, 1019.77, 23.75,26,254,18,-75,-4,-7,-8,-464,294
36194-0.81, 1019.81, 23.75,29,254,19,-80,-76,-11,-9,-466,291
36289-0.72, 1019.79, 23.75,28,253,21,-72,20,-11,-10,-463,291
36385-0.75, 1019.76, 23.76,27,255,19,-79,-49,-11,-6,-462,292
36481-0.24, 1019.77, 23.75,27,253,17,-75,-9,-12,-9,-462,293
36583-0.21, 1019.80, 23.76,25,254,18,-85,-106,-13,-11,-461,291
36681-0.72, 1019.78, 23.76,26,252,17,-76,39,-10,-8,-463,294
36777-0.84, 1019.81, 23.75,28,253,22,-78,-60,-8,-7,-462,294
36873-0.63, 1019.79, 23.77,27,252,17,-78,-53,-13,-12,-463,289
36968-0.66, 1019.79, 23.75,24,251,22,-71,-12,-10,-9,-466,292
37064-0.45, 1019.77, 23.75,21,253,14,-79,-5,-12,-8,-463,292
37159-0.42, 1019.77, 23.75,27,252,19,-76,-22,-9,-12,-463,290
37255-0.45, 1019.74, 23.77,26,252,17,-72,-26,-10,-9,-463,291
37357-0.36, 1019.77, 23.75,27,254,20,-81,-29,-11,-11,-464,292
37456-0.39, 1019.75, 23.77,30,253,17,-70,39,-13,-8,-465,292
37552-0.90, 1019.80, 23.75,25,253,18,-79,-78,-11,-8,-464,291
37661-1.01, 1019.78, 23.75,23,254,19,-81,-29,-12,-9,-465,291
37756-0.42, 1019.73, 23.76,26,253,22,-73,-20,-8,-10,-464,292
37853-0.42, 1019.74, 23.75,25,255,24,-80,-45,-10,-8,-460,292
37948-0.60, 1019.75, 23.76,27,253,17,-77,-8,-11,-9,-461,293
38044-0.62, 1019.77, 23.76,25,253,20,-77,-33,-10,-9,-461,295
38139-0.48, 1019.76, 23.77,27,254,20,-74,-2,-12,-8,-464,290
38295-0.73, 1019.80, 23.75,25,254,19,-76,-29,-11,-6,-466,292
38394-0.49, 1019.76, 23.75,29,252,16,-80,-23,-12,-8,-464,294
38490-0.96, 1019.80, 23.75,26,253,16,-75,-28,-11,-8,-460,291
38586-0.57, 1019.80, 23.76,26,254,18,-78,-30,-11,-8,-462,291
386810.00, 1019.80, 23.76,26,252,20,-77,-20,-11,-10,-461,288
38776-1.26, 1019.78, 23.76,28,253,20,-78,-41,-10,-8,-464,292
38873-0.78, 1019.76, 23.77,27,254,19,-73,-6,-9,-10,-464,292
38968-0.48, 1019.81, 23.75,25,253,21,-78,-42,-12,-7,-461,291
39070-0.71, 1019.81, 23.76,27,253,17,-77,-28,-10,-7,-464,292
39169-0.72, 1019.79, 23.77,27,253,19,-76,-14,-11,-9,-462,293
39264-0.53, 1019.79, 23.77,27,253,18,-78,-36,-11,-7,-464,293
39360-1.14, 1019.84, 23.77,27,253,18,-76,-22,-11,-8,-460,291
39455-0.80, 1019.86, 23.78,28,253,17,-78,-32,-11,-7,-461,291
39581-0.80, 1019.78, 23.77,27,253,20,-78,-35,-11,-7,-463,290
39691-0.69, 1019.77, 23.76,28,252,18,-76,-21,-11,-7,-464,292
39786-0.69, 1019.79, 23.76,28,253,17,-79,-44,-10,-10,-464,292
39888-0.78, 1019.83, 23.77,26,254,18,-76,-18,-10,-8,-461,294
39987-0.78, 1019.82, 23.77,26,253,19,-77,-38,-10,-9,-461,291
40083-0.62, 1019.78, 23.78,27,253,18,-73,4,-10,-8,-462,291
40178-0.62, 1019.75, 23.77,27,253,18,-79,-51,-11,-7,-463,293
40273-0.95, 1019.76, 23.79,26,253,19,-76,-18,-10,-8,-467,293
40370-0.44, 1019.80, 23.78,28,253,19,-77,-23,-10,-9,-464,295
40465-0.85, 1019.72, 23.79,27,253,17,-77,-28,-11,-6,-466,290
40560-0.20, 1019.75, 23.77,26,254,19,-77,-31,-11,-6,-463,290
40656-0.38, 1019.75, 23.78,27,253,19,-76,-20,-11,-7,-461,293
40756-0.44, 1019.72, 23.77,25,254,20,-76,-48,-12,-7,-464,290
40852-0.08, 1019.75, 23.77,27,252,16,-76,6,-10,-8,-462,291
40947-0.86, 1019.74, 23.79,27,253,19,-78,-43,-11,-9,-462,292
41042-0.38, 1019.76, 23.78,27,254,17,-76,-38,-10,-10,-461,289
41139-0.44, 1019.76, 23.79,28,253,19,-75,2,-9,-6,-461,290
41234-0.44, 1019.71, 23.77,27,254,16,-78,-48,-11,-10,-463,289
41330-0.16, 1019.80, 23.78,27,253,19,-78,-35,-12,-8,-463,290
41425-0.11, 1019.76, 23.79,29,253,19,-74,-2,-10,-7,-465,291
41528-0.53, 1019.76, 23.79,27,254,18,-79,-62,-13,-8,-460,291
41626-0.50, 1019.75, 23.77,26,253,19,-74,3,-10,-5,-463,292
41722-0.44, 1019.79, 23.78,27,255,17,-79,-47,-11,-8,-462,289
41818-0.47, 1019.77, 23.79,25,252,19,-75,-25,-10,-9,-464,292
41914-0.41, 1019.78, 23.79,28,255,18,-75,-9,-9,-9,-462,291
42009-0.29, 1019.77, 23.79,28,253,18,-75,-41,-11,-8,-462,290
42104-0.64, 1019.81, 23.79,26,253,19,-78,-50,-10,-10,-463,293
42201-0.70, 1019.75, 23.79,27,254,18,-74,22,-12,-11,-463,291
42336-0.66, 1019.83, 23.78,26,254,18,-79,-61,-11,-9,-465,288
42434-0.65, 1019.83, 23.77,21,254,20,-80,-37,-7,-10,-463,291
42530-0.52, 1019.74, 23.79,26,253,20,-72,2,-13,-8,-464,290
42626-0.38, 1019.74, 23.78,26,253,16,-79,-70,-9,-6,-463,290
42721-0.67, 1019.78, 23.77,27,253,19,-81,-12,-11,-9,-460,292
42817-0.89, 1019.75, 23.78,25,253,18,-81,-55,-11,-10,-464,292
42930-1.13, 1019.80, 23.79,22,254,18,-75,-28,-10,-8,-465,294
43025-0.95, 1019.82, 23.77,26,255,19,-71,7,-11,-9,-464,294
43127-0.59, 1019.73, 23.77,29,255,22,-76,-52,-8,-8,-461,290
43226-0.65, 1019.81, 23.79,25,254,18,-81,-74,-10,-7,-465,289
43322-0.80, 1019.83, 23.79,26,253,17,-74,9,-10,-5,-465,292
43447-0.11, 1019.72, 23.79,26,254,21,-78,-71,-10,-7,-462,291
43542-0.47, 1019.76, 23.79,28,253,21,-71,15,-13,-6,-463,294
43638-0.29, 1019.74, 23.78,26,252,17,-80,-43,-10,-8,-464,292
43734-0.04, 1019.74, 23.79,27,253,18,-74,1,-14,-11,-464,291
43830-0.46, 1019.73, 23.79,27,254,21,-76,-57,-8,-9,-461,288
43925-0.31, 1019.76, 23.79,26,253,18,-75,-22,-11,-8,-465,290
44027-0.34, 1019.80, 23.78,28,254,19,-76,-32,-8,-11,-465,289
44126-0.61, 1019.77, 23.80,30,252,19,-79,-27,-17,-7,-464,295
44222-0.49, 1019.72, 23.80,28,254,17,-80,-10,-13,-7,-464,290
44317-0.58, 1019.73, 23.79,28,250,16,-64,56,-17,-8,-459,292
44413-0.46, 1019.75, 23.80,27,250,20,-80,-50,-17,-9,-463,293
44509-0.34, 1019.76, 23.80,28,252,20,-72,11,-7,-12,-464,287
44605-0.64, 1019.79, 23.80,27,255,18,-86,-7,-10,-8,-464,291
44700-0.97, 1019.80, 23.80,29,251,17,-64,-35,-10,-10,-463,292
44803-0.07, 1019.76, 23.80,17,257,87,-87,-20,-13,-9,-462,289
44902-0.58, 1019.81, 23.80,22,255,21,-80,-82,-8,-8,-464,291
44997-0.85, 1019.72, 23.80,27,253,20,-73,41,-12,-7,-463,291
45092-0.34, 1019.71, 23.80,25,253,21,-86,-102,-9,-8,-464,290
45189-0.85, 1019.75, 23.80,27,250,14,-67,28,-9,-8,-465,294
45284-0.07, 1019.75, 23.80,25,254,24,-86,-84,-12,-11,-462,293
45393-0.22, 1019.73, 23.80,25,252,11,-68,-1,-13,-8,-464,292
45489-0.85, 1019.82, 23.80,27,255,27,-86,-33,-12,-9,-465,292
45591-0.67, 1019.69, 23.80,23,258,22,-60,-31,-8,-8,-460,291
45690-0.31, 1019.76, 23.80,27,251,16,-77,11,-18,-10,-469,292
45786-0.45, 1019.70, 23.80,41,249,-24,-73,-51,-7,-10,-466,293
45882-0.60, 1019.82, 23.80,25,251,10,-78,6,-11,-8,-465,289
45977-0.33, 1019.79, 23.82,28,252,17,-78,-41,-7,-7,-463,293
46072-0.09, 1019.72, 23.80,23,253,17,-69,-32,-11,-10,-467,293
46169-0.39, 1019.77, 23.82,26,254,25,-74,-27,-13,-10,-464,293
46264-0.36, 1019.69, 23.81,28,253,15,-80,-66,-11,-7,-465,291
463600.01, 1019.77, 23.82,25,254,17,-74,12,-10,-9,-465,292
46461-0.24, 1019.72, 23.81,25,255,21,-77,-28,-13,-8,-463,289
465610.27, 1019.75, 23.81,26,255,18,-77,-29,-10,-8,-466,292
46656-0.21, 1019.74, 23.81,27,254,18,-77,-2,-11,-10,-464,293
46768-0.63, 1019.75, 23.81,25,253,18,-76,-42,-11,-10,-465,290
46863-0.45, 1019.76, 23.82,26,254,21,-78,-17,-11,-13,-465,292
46958-0.21, 1019.82, 23.82,27,253,18,-77,-39,-8,-11,-466,291
47054-0.75, 1019.72, 23.83,25,253,18,-76,-4,-11,-9,-467,292
47150-0.51, 1019.78, 23.82,26,255,18,-77,-1,-10,-7,-464,291
47282-0.85, 1019.78, 23.82,25,253,17,-75,-29,-11,-9,-464,293
47380-0.40, 1019.73, 23.81,22,254,21,-79,-37,-9,-11,-464,293
47493-0.60, 1019.81, 23.81,27,253,15,-76,-48,-10,-8,-463,293
47588-0.33, 1019.80, 23.80,27,254,18,-79,-28,-12,-9,-464,292
47684-0.27, 1019.78, 23.82,28,253,16,-78,-6,-14,-10,-464,292
47779-0.48, 1019.74, 23.82,25,253,18,-76,-34,-12,-10,-466,291
47875-0.69, 1019.79, 23.82,26,253,19,-66,6,-7,-7,-460,289
47971-0.33, 1019.76, 23.81,30,253,18,-73,-14,-9,-8,-462,294
48072-0.51, 1019.73, 23.82,25,254,18,-79,-89,-10,-10,-465,292
48172-0.27, 1019.76, 23.81,26,255,19,-75,20,-10,-10,-464,290
48267-0.92, 1019.82, 23.82,26,254,18,-83,-107,-10,-7,-463,290
48363-0.92, 1019.85, 23.84,27,254,20,-77,0,-12,-9,-463,292
48458-0.30, 1019.74, 23.82,27,253,19,-76,-15,-10,-9,-461,290
48553-0.75, 1019.77, 23.82,25,253,18,-75,-31,-10,-6,-463,293
48650-0.60, 1019.75, 23.82,27,253,20,-77,-13,-11,-6,-462,291
48745-0.66, 1019.81, 23.82,26,255,19,-79,-56,-10,-10,-462,293
48840-0.83, 1019.79, 23.84,26,254,21,-75,-31,-9,-9,-463,291
48943-0.45, 1019.80, 23.81,26,253,15,-76,-14,-9,-8,-464,292
49042-0.11, 1019.77, 23.84,27,253,20,-78,-45,-11,-7,-463,295
491370.01, 1019.78, 23.82,28,254,18,-79,-26,-10,-5,-463,292
49232-0.65, 1019.76, 23.83,27,253,20,-80,-33,-11,-9,-463,289
49329-0.53, 1019.73, 23.84,27,252,20,-75,-24,-11,-7,-462,292
49424-0.47, 1019.74, 23.83,29,252,19,-74,-17,-11,-8,-463,293
495190.11, 1019.71, 23.82,25,256,18,-78,-35,-10,-9,-464,291
49615-0.02, 1019.73, 23.83,28,253,18,-75,3,-12,-8,-461,289
49717-0.17, 1019.70, 23.84,28,255,18,-79,-30,-14,-5,-460,292
49816-0.23, 1019.81, 23.85,26,254,18,-78,-38,-11,-7,-462,289
49911-0.35, 1019.77, 23.83,28,252,18,-78,-34,-13,-10,-463,289
50007-1.01, 1019.83, 23.84,28,253,19,-78,-24,-10,-7,-462,292
50103-0.50, 1019.73, 23.85,26,252,20,-75,-22,-11,-7,-464,290
50198-0.80, 1019.78, 23.85,27,254,17,-78,-21,-12,-8,-454,290
50294-0.65, 1019.78, 23.84,27,252,19,-76,-24,-10,-8,-464,291
50390-0.83, 1019.79, 23.85,25,254,16,-78,-49,-9,-9,-462,291
50492-0.41, 1019.81, 23.84,26,253,18,-76,-28,-9,-10,-462,290
50590-0.29, 1019.76, 23.84,26,253,19,-76,-10,-10,-9,-464,294
50685-0.53, 1019.82, 23.84,27,253,18,-78,-49,-10,-10,-465,291
50782-0.62, 1019.76, 23.84,26,254,19,-77,-10,-11,-8,-466,292
50877-0.35, 1019.72, 23.85,26,254,17,-76,-25,-10,-7,-459,291
50972-0.67, 1019.75, 23.84,27,253,17,-78,-52,-12,-8,-464,292
51111-0.71, 1019.76, 23.83,27,254,16,-77,-29,-9,-8,-463,292
51221-0.68, 1019.76, 23.85,28,253,17,-78,-32,-11,-8,-465,291
51323-0.68, 1019.79, 23.84,26,254,18,-77,-43,-10,-8,-463,295
51422-0.65, 1019.78, 23.84,27,253,18,-78,-16,-9,-9,-461,291
51517-0.47, 1019.79, 23.84,26,253,19,-75,-23,-10,-9,-464,292
51613-0.77, 1019.78, 23.85,27,254,17,-77,-37,-11,-6,-463,294
51708-0.41, 1019.82, 23.85,27,253,18,-77,-31,-12,-8,-462,292
51804-0.64, 1019.83, 23.85,26,254,19,-76,-20,-11,-4,-464,292
51900-0.62, 1019.81, 23.84,28,253,17,-78,-32,-12,-7,-463,292
51995-0.80, 1019.84, 23.85,27,252,19,-75,-23,-11,-7,-462,291
52107-1.07, 1019.83, 23.87,27,254,18,-78,-38,-10,-7,-464,291
52209-0.65, 1019.78, 23.86,25,254,18,-75,-7,-10,-8,-464,293
52308-0.49, 1019.74, 23.85,28,253,18,-78,-44,-11,-7,-463,294
52404-0.73, 1019.71, 23.85,25,253,18,-76,-33,-10,-8,-463,291
52499-0.26, 1019.76, 23.86,26,253,19,-77,-14,-10,-8,-464,292
52595-0.58, 1019.78, 23.85,27,254,19,-77,-32,-11,-10,-462,291
52690-0.49, 1019.78, 23.86,28,253,18,-76,-1,-10,-8,-460,293
52786-0.52, 1019.72, 23.85,27,252,18,-79,-52,-12,-7,-464,293
52882-0.13, 1019.71, 23.85,26,253,18,-73,7,-12,-7,-461,293
529820.48, 1019.71, 23.85,28,254,22,-79,-56,-12,-8,-463,293
53082-0.22, 1019.73, 23.86,25,253,18,-74,-30,-10,-7,-462,289
53177-0.13, 1019.72, 23.86,26,254,17,-80,-33,-12,-6,-462,291
53273-0.64, 1019.76, 23.86,27,254,19,-74,-18,-10,-10,-462,289
53368-0.25, 1019.76, 23.86,26,254,19,-81,-48,-11,-6,-464,290
53464-0.46, 1019.75, 23.87,27,254,20,-78,-38,-10,-7,-462,291
53560-0.40, 1019.79, 23.85,26,253,20,-77,-42,-8,-6,-462,294
53655-0.58, 1019.81, 23.87,29,253,18,-74,3,-11,-11,-462,289
53767-0.70, 1019.79, 23.86,25,254,19,-82,-86,-9,-10,-464,292
53862-0.31, 1019.79, 23.86,24,254,17,-74,34,-12,-10,-464,288
53958-0.64, 1019.77, 23.86,27,254,20,-79,-72,-11,-8,-463,292
54053-1.06, 1019.81, 23.86,24,253,21,-72,-4,-9,-12,-462,289
54149-0.55, 1019.74, 23.86,28,255,20,-77,-3,-14,-6,-464,292
54245-0.94, 1019.77, 23.86,26,254,17,-80,-57,-13,-7,-462,289
54340-0.73, 1019.76, 23.86,38,253,21,-75,2,-7,-8,-463,292
54435-0.82, 1019.73, 23.85,24,252,16,-74,-33,-6,-8,-463,292
54532-0.55, 1019.80, 23.86,28,253,17,-79,-54,-16,-10,-462,293
54633-0.52, 1019.81, 23.86,26,254,18,-71,-5,-8,-8,-463,291
54762-0.02, 1019.78, 23.85,26,253,17,-80,-99,-11,-6,-462,293
54857-0.50, 1019.80, 23.85,27,254,20,-71,26,-11,-10,-465,290
54953-0.46, 1019.75, 23.86,27,253,20,-82,-76,-9,-9,-461,294
55049-0.49, 1019.79, 23.85,21,253,18,-75,-9,-12,-9,-462,289
55145-0.22, 1019.73, 23.86,25,251,12,-85,-70,-12,-7,-464,292
55240-0.64, 1019.81, 23.86,27,254,18,-71,23,-12,-10,-464,291
55335-0.79, 1019.79, 23.87,26,254,17,-89,-114,-11,-10,-462,293
55438-0.82, 1019.75, 23.87,26,252,15,-76,9,-12,-7,-461,291
55552-0.70, 1019.80, 23.86,28,253,20,-71,-30,-10,-11,-464,292
55647-0.28, 1019.81, 23.87,26,254,21,-76,-31,-11,-8,-461,294
55743-0.70, 1019.77, 23.87,26,254,21,-72,-14,-13,-9,-464,290
55838-0.54, 1019.77, 23.87,37,253,22,-77,-31,-5,-7,-464,291
55934-0.72, 1019.80, 23.87,21,253,19,-80,-44,-9,-11,-464,292
56030-0.52, 1019.81, 23.87,27,251,20,-72,-34,-11,-9,-464,289
56125-0.96, 1019.76, 23.87,24,253,17,-73,1,-13,-10,-463,294
56227-0.85, 1019.79, 23.87,28,251,13,-80,-52,-9,-13,-464,291
56327-0.33, 1019.74, 23.87,29,255,19,-81,-30,-6,-12,-463,292
56422-0.75, 1019.74, 23.88,26,253,22,-78,-35,-13,-8,-465,291
56518-0.51, 1019.80, 23.89,23,254,19,-71,16,-14,-11,-463,290
56613-0.49, 1019.77, 23.88,27,253,11,-75,-36,-9,-12,-463,291
56710-0.33, 1019.80, 23.88,22,251,17,-75,-44,-12,-9,-466,291
56871-0.31, 1019.81, 23.86,23,253,21,-77,-56,-12,-13,-466,292
56969-0.07, 1019.78, 23.87,26,254,21,-75,-4,-9,-8,-464,291
570640.09, 1019.79, 23.87,28,253,18,-79,-53,-11,-10,-464,292
57166-0.34, 1019.77, 23.86,26,253,17,-75,-19,-11,-12,-463,290
57265-0.49, 1019.79, 23.86,26,254,17,-78,-25,-6,-8,-463,292
57361-0.93, 1019.79, 23.89,22,254,22,-76,-47,-12,-10,-461,291
574560.25, 1019.73, 23.87,21,254,20,-74,-31,-14,-7,-462,292
57551-0.39, 1019.76, 23.87,19,254,20,-73,44,-6,-10,-462,290
57648-0.24, 1019.71, 23.88,26,253,19,-79,-84,-9,-8,-463,291
57743-0.18, 1019.72, 23.88,30,254,19,-79,-43,-12,-9,-463,292
57839-0.39, 1019.77, 23.88,41,252,21,-75,24,-5,-9,-460,291
57940-0.72, 1019.69, 23.88,28,254,18,-81,-96,-12,-6,-460,290
58040-0.51, 1019.76, 23.89,22,254,20,-73,-44,-8,-8,-463,292
58136-0.36, 1019.73, 23.89,18,255,25,-76,23,-5,-12,-463,294
58231-0.78, 1019.77, 23.90,27,250,18,-76,-19,-10,-8,-462,292
58327-0.42, 1019.75, 23.89,31,253,19,-86,-158,-15,-10,-463,288
58423-0.44, 1019.75, 23.89,32,255,20,-81,-23,-3,-10,-466,294
58518-0.30, 1019.78, 23.88,22,253,21,-73,66,-8,-7,-462,292
58644-0.40, 1019.75, 23.87,27,253,19,-80,-112,-14,-7,-462,291
58746-0.53, 1019.77, 23.89,20,252,22,-77,-31,-5,-9,-464,291
58845-0.27, 1019.77, 23.89,28,253,23,-76,53,-8,-10,-467,291
58941-0.51, 1019.77, 23.89,26,252,18,-77,-92,-11,-8,-462,289
59036-0.66, 1019.79, 23.88,25,254,16,-78,-26,-11,-10,-464,290
59131-1.01, 1019.82, 23.90,29,253,19,-76,-24,-10,-9,-465,292
59228-0.87, 1019.82, 23.90,26,253,17,-72,1,-14,-7,-464,295
59323-0.32, 1019.83, 23.89,26,254,16,-85,-97,-10,-9,-462,290
59418-0.66, 1019.87, 23.89,27,253,17,-73,32,-11,-7,-465,292
59521-1.05, 1019.78, 23.90,27,254,20,-81,-86,-10,-8,-462,291
59620-0.92, 1019.76, 23.89,25,255,21,-78,-11,-10,-7,-461,294
59715-0.81, 1019.78, 23.90,38,251,21,-75,-37,-6,-7,-462,291
59810-0.20, 1019.81, 23.90,24,254,22,-73,-31,-14,-8,-462,292
59907-0.86, 1019.79, 23.89,23,256,27,-80,-11,-12,-10,-465,291
60002-0.62, 1019.81, 23.91,26,254,20,-75,1,-13,-9,-463,290
60112-0.03, 1019.75, 23.90,23,253,18,-76,-46,-8,-8,-461,295
60208-0.23, 1019.76, 23.89,22,254,21,-85,-44,-10,-10,-464,292
60303-0.11, 1019.75, 23.91,22,253,10,-78,-63,-13,-9,-461,292
60416-0.47, 1019.80, 23.90,23,254,22,-74,9,-5,-8,-465,292
60514-0.53, 1019.76, 23.89,27,254,24,-79,-54,-8,-9,-462,289
60609-0.65, 1019.77, 23.91,30,253,20,-76,-38,-14,-9,-464,293
60705-0.68, 1019.83, 23.91,25,254,18,-78,-29,-9,-9,-463,295
60801-0.68, 1019.79, 23.91,29,254,18,-78,-48,-13,-8,-462,291
60896-0.08, 1019.75, 23.91,27,254,16,-74,-18,-10,-11,-462,292
60992-0.43, 1019.76, 23.91,30,252,14,-74,-20,-12,-7,-464,291
61087-0.68, 1019.75, 23.91,25,253,18,-81,-60,-11,-11,-463,292
61190-0.52, 1019.80, 23.92,27,253,16,-76,-15,-11,-8,-464,295
61288-0.83, 1019.74, 23.92,27,252,18,-78,-50,-10,-7,-461,290
61400-1.19, 1019.80, 23.91,25,253,19,-75,-6,-10,-8,-462,290
61496-0.86, 1019.79, 23.91,25,254,19,-80,-67,-10,-11,-462,290
61591-0.41, 1019.73, 23.92,28,253,18,-72,22,-11,-8,-463,291
61686-0.59, 1019.82, 23.91,26,254,18,-80,-70,-10,-8,-463,292
61783-0.64, 1019.79, 23.92,27,254,22,-72,13,-13,-9,-460,289
61878-0.79, 1019.77, 23.92,26,252,16,-84,-59,-13,-10,-461,291
61980-0.55, 1019.83, 23.91,24,254,19,-78,-23,-11,-8,-465,291
62078-0.50, 1019.80, 23.91,28,252,17,-73,2,-10,-7,-460,294
62175-0.40, 1019.79, 23.92,26,254,17,-76,-42,-12,-4,-461,292
62270-0.52, 1019.79, 23.92,27,256,16,-78,-32,-10,-9,-462,291
62365-0.43, 1019.76, 23.94,28,253,20,-74,-15,-8,-10,-461,291
62490-0.82, 1019.77, 23.92,27,252,19,-78,-51,-12,-8,-464,292
62599-0.50, 1019.79, 23.92,27,253,19,-74,4,-9,-8,-465,289
62695-0.61, 1019.77, 23.92,27,254,20,-77,-40,-11,-8,-463,292
62790-0.33, 1019.70, 23.92,26,253,17,-77,-45,-11,-8,-462,292
62893-0.63, 1019.79, 23.93,27,254,17,-77,-13,-12,-7,-462,293
62991-0.43, 1019.79, 23.92,26,254,20,-76,-28,-11,-11,-461,294
63086-1.02, 1019.82, 23.92,25,255,17,-80,-47,-11,-9,-462,295
63182-0.60, 1019.80, 23.92,27,254,19,-75,4,-11,-4,-462,293
63278-0.43, 1019.75, 23.92,27,253,20,-79,-51,-11,-7,-460,292
63373-0.30, 1019.69, 23.94,25,254,16,-77,-19,-11,-7,-464,291
63469-0.42, 1019.76, 23.92,27,253,18,-77,-34,-10,-8,-464,290
63564-0.85, 1019.78, 23.93,26,254,19,-76,-22,-11,-7,-463,291
63667-0.49, 1019.84, 23.93,28,252,18,-77,-38,-11,-7,-465,293
63765-1.12, 1019.81, 23.95,27,253,18,-77,-41,-11,-7,-459,289
63860-0.90, 1019.85, 23.95,26,254,17,-76,-30,-10,-8,-463,290
63956-0.94, 1019.78, 23.92,25,254,19,-76,-30,-11,-10,-464,291
64052-0.99, 1019.75, 23.94,26,253,18,-76,-18,-11,-9,-462,289
64147-1.26, 1019.78, 23.94,27,255,17,-78,-39,-12,-6,-463,290
64243-1.15, 1019.84, 23.94,27,255,17,-76,-16,-11,-10,-464,292
64338-0.81, 1019.79, 23.94,27,252,21,-79,-44,-10,-8,-461,292
64455-0.84, 1019.80, 23.92,29,253,17,-79,-37,-10,-9,-463,289
64555-0.58, 1019.77, 23.93,28,254,20,-76,-29,-11,-8,-463,293
64650-0.54, 1019.79, 23.94,25,255,19,-78,-35,-10,-7,-462,290
64745-0.60, 1019.77, 23.93,28,253,19,-77,-23,-11,-7,-463,291
64841-0.51, 1019.79, 23.94,26,254,19,-79,-63,-10,-6,-464,293
64936-0.63, 1019.74, 23.95,27,253,17,-74,-9,-12,-6,-463,292
65032-0.87, 1019.81, 23.95,26,254,19,-80,-37,-11,-10,-464,289
65128-0.93, 1019.81, 23.94,27,253,19,-77,-35,-11,-11,-462,291
65230-0.84, 1019.77, 23.94,29,252,15,-80,-20,-9,-9,-464,293
65329-0.57, 1019.75, 23.94,27,254,19,-71,-19,-11,-9,-466,289
65424-0.54, 1019.78, 23.96,27,254,17,-74,-34,-10,-7,-463,290
65520-0.90, 1019.81, 23.94,26,254,17,-76,-3,-12,-10,-461,291
65615-0.30, 1019.70, 23.94,27,254,19,-77,-19,-11,-8,-463,290
65712-0.35, 1019.75, 23.94,26,254,18,-79,-49,-12,-10,-462,290
65807-0.39, 1019.72, 23.94,27,254,18,-75,6,-11,-5,-463,287
65902-0.57, 1019.83, 23.95,26,253,19,-83,-92,-11,-7,-460,291
66014-0.18, 1019.75, 23.94,27,253,18,-71,39,-11,-8,-463,291
66116-0.51, 1019.76, 23.95,27,254,19,-82,-89,-11,-6,-462,292
66215-0.81, 1019.80, 23.95,27,253,18,-76,2,-11,-9,-463,292
66340-0.51, 1019.81, 23.93,26,253,19,-79,-56,-10,-7,-457,291
66436-0.33, 1019.77, 23.93,26,253,17,-77,-51,-9,-7,-462,292
66532-0.78, 1019.75, 23.95,27,254,19,-74,12,-9,-6,-463,289
66627-0.09, 1019.80, 23.94,27,252,19,-78,-62,-11,-8,-463,290
66722-0.75, 1019.77, 23.96,26,253,19,-77,-23,-13,-10,-461,291
66819-0.32, 1019.75, 23.94,29,253,17,-73,-13,-10,-8,-461,291
66918-0.62, 1019.73, 23.94,24,254,19,-81,-65,-13,-9,-460,290
67014-0.42, 1019.78, 23.95,27,253,19,-75,-12,-9,-6,-461,289
67109-0.89, 1019.78, 23.96,28,255,18,-76,-10,-12,-5,-462,293
67205-0.80, 1019.79, 23.96,24,254,20,-79,-103,-10,-6,-463,293
67301-0.90, 1019.81, 23.96,27,254,17,-72,42,-8,-7,-464,293
67396-0.59, 1019.75, 23.95,30,252,19,-78,-61,-12,-5,-461,288
67491-0.21, 1019.75, 23.95,27,254,18,-75,-45,-12,-8,-462,292
67587-0.53, 1019.72, 23.96,27,253,17,-77,10,-10,-7,-462,292
67689-0.71, 1019.81, 23.95,28,254,18,-79,-68,-12,-5,-461,292
67788-0.51, 1019.81, 23.95,28,254,20,-77,-7,-11,-6,-461,290
67884-0.71, 1019.81, 23.95,26,253,17,-78,-36,-10,-7,-463,289
67979-0.24, 1019.78, 23.95,28,254,16,-77,-19,-11,-6,-463,291
68075-0.30, 1019.75, 23.95,27,253,17,-78,-52,-10,-8,-462,290
68170-0.74, 1019.77, 23.96,27,253,17,-75,-1,-11,-9,-463,290
68280-1.01, 1019.79, 23.97,27,253,18,-78,-41,-11,-9,-461,291
68375-0.44, 1019.76, 23.95,27,254,18,-78,-49,-12,-9,-462,292
68471-0.39, 1019.80, 23.97,27,254,19,-76,-12,-10,-10,-464,291
68574-0.41, 1019.78, 23.94,27,253,18,-77,-40,-11,-9,-461,291
68672-0.75, 1019.77, 23.96,27,254,19,-78,-54,-11,-10,-463,290
68768-0.80, 1019.78, 23.96,25,254,18,-75,2,-11,-10,-460,292
68864-0.87, 1019.78, 23.96,26,254,20,-80,-55,-12,-7,-460,291
68959-0.69, 1019.78, 23.96,27,252,20,-76,-18,-12,-8,-463,292
69069-0.98, 1019.76, 23.96,27,253,18,-79,-39,-10,-7,-460,289
69165-0.68, 1019.79, 23.96,27,253,18,-76,-12,-8,-9,-462,290
69261-1.01, 1019.79, 23.96,25,254,19,-79,-43,-11,-7,-463,293
69362-0.26, 1019.73, 23.96,28,253,20,-74,13,-10,-8,-461,291
69462-0.23, 1019.74, 23.96,26,253,20,-79,-34,-11,-7,-460,293
69557-0.53, 1019.70, 23.97,27,253,17,-74,-15,-12,-8,-461,292
69653-0.86, 1019.78, 23.97,27,254,19,-79,-46,-11,-7,-462,292
69748-0.20, 1019.76, 23.97,26,253,19,-77,-36,-11,-6,-461,291
698440.08, 1019.75, 23.98,27,254,18,-78,-42,-10,-5,-463,288
69940-0.26, 1019.76, 23.97,27,252,19,-73,17,-10,-7,-458,290
70035-0.25, 1019.69, 23.97,29,253,18,-79,-35,-10,-7,-459,290
70167-0.08, 1019.71, 23.96,27,253,20,-78,-67,-13,-9,-463,293
702660.11, 1019.70, 23.97,28,253,14,-73,35,-10,-8,-462,289
70362-0.22, 1019.76, 23.97,28,254,20,-78,-43,-10,-9,-461,292
70458-0.20, 1019.76, 23.97,26,253,18,-77,-56,-11,-5,-460,291
70553-0.04, 1019.79, 23.97,26,253,19,-75,-9,-8,-4,-461,290
706650.08, 1019.71, 23.97,27,253,17,-75,-16,-11,-8,-461,290
70761-0.04, 1019.75, 23.96,26,253,19,-78,-37,-11,-6,-464,289
708560.02, 1019.71, 23.97,27,254,17,-73,5,-9,-4,-462,292
70952-0.13, 1019.68, 23.97,26,254,18,-81,-69,-13,-7,-460,289
71054-0.10, 1019.71, 23.97,25,252,19,-76,-53,-10,-8,-462,292
71153-0.46, 1019.74, 23.99,28,254,19,-75,11,-10,-7,-462,293
712480.08, 1019.68, 23.98,29,253,20,-76,-48,-12,-8,-462,289
71345-0.16, 1019.75, 23.98,26,254,18,-77,-24,-13,-8,-462,288
71440-0.22, 1019.72, 23.97,27,254,20,-77,-40,-12,-8,-459,288
715350.11, 1019.73, 23.99,28,253,18,-75,-5,-10,-8,-462,291
71631-0.04, 1019.72, 23.98,28,255,20,-80,-64,-12,-5,-462,294
71727-0.13, 1019.70, 23.97,26,253,19,-77,-51,-10,-7,-460,290
718290.33, 1019.74, 23.98,28,254,21,-74,32,-9,-6,-461,291
71927-0.24, 1019.68, 23.98,27,253,20,-79,-76,-10,-7,-459,290
720230.20, 1019.71, 23.99,26,253,18,-79,-34,-11,-6,-462,288
72119-0.16, 1019.71, 23.98,27,253,19,-72,12,-8,-5,-461,292
72214-0.48, 1019.74, 23.98,27,253,19,-82,-87,-12,-7,-459,290
72310-0.46, 1019.72, 23.98,28,254,21,-74,9,-10,-9,-461,293
72406-0.09, 1019.67, 23.97,29,253,16,-76,-17,-10,-5,-460,290
72501-0.48, 1019.72, 23.97,25,252,17,-79,-59,-13,-6,-461,290
72603-0.64, 1019.76, 23.99,28,254,20,-76,-17,-9,-8,-462,291
72701-0.04, 1019.73, 23.98,27,254,18,-78,-41,-11,-6,-460,292
72798-0.31, 1019.76, 23.98,27,252,20,-76,-39,-11,-5,-461,291
728930.18, 1019.70, 23.98,26,253,18,-75,1,-10,-7,-459,291
729880.11, 1019.71, 23.99,28,253,17,-76,-14,-11,-6,-463,291
73084-0.64, 1019.76, 23.99,28,254,20,-77,-57,-14,-5,-460,293
731800.12, 1019.71, 23.99,27,253,19,-74,13,-10,-9,-462,292
73275-0.45, 1019.74, 23.99,28,253,17,-81,-82,-13,-7,-458,289
73371-0.49, 1019.79, 24.00,26,254,18,-76,-42,-8,-10,-462,289
73487-0.43, 1019.81, 23.97,27,253,19,-76,-5,-9,-6,-461,292
73586-0.34, 1019.77, 23.99,28,254,17,-80,-79,-11,-6,-459,291
73681-0.31, 1019.68, 23.99,26,253,18,-73,7,-9,-9,-463,291
73778-0.09, 1019.78, 23.99,28,253,20,-76,-40,-10,-8,-460,293
738730.30, 1019.71, 24.00,27,254,18,-78,-45,-14,-7,-464,290
74011-0.45, 1019.71, 23.99,28,254,19,-76,-16,-10,-5,-459,290
74106-0.25, 1019.73, 23.97,26,256,17,-79,-51,-9,-7,-462,292
742020.18, 1019.71, 23.99,27,253,19,-75,7,-10,-4,-460,294
743040.48, 1019.68, 23.97,29,254,18,-80,-75,-10,-6,-460,292
74403-0.40, 1019.75, 23.99,25,254,17,-76,-25,-13,-8,-461,291
744990.12, 1019.75, 23.99,28,254,19,-76,-25,-12,-6,-461,291
745940.09, 1019.72, 23.99,28,253,17,-76,-18,-11,-8,-460,291
74689-0.43, 1019.74, 24.00,25,253,16,-78,-49,-10,-8,-461,294
747850.12, 1019.79, 24.00,29,253,19,-79,-58,-10,-7,-462,291
74881-0.09, 1019.72, 23.99,27,254,19,-74,-8,-10,-6,-462,290
74976-0.45, 1019.77, 23.99,27,254,18,-77,-31,-12,-7,-460,290
75078-0.58, 1019.76, 23.99,27,254,17,-79,-64,-10,-7,-462,294
75193-0.22, 1019.76, 23.99,27,253,19,-73,4,-11,-11,-463,291
75288-0.22, 1019.71, 23.99,27,254,17,-78,-45,-11,-6,-463,292
75384-0.67, 1019.73, 23.99,27,254,18,-77,-38,-12,-11,-459,292
75480-0.67, 1019.76, 23.99,27,252,18,-76,-20,-10,-6,-461,289
75576-0.88, 1019.75, 24.00,27,253,20,-77,-36,-12,-6,-462,293
75671-0.31, 1019.77, 23.99,27,253,19,-77,-30,-11,-7,-461,288
75766-0.33, 1019.76, 23.99,27,254,18,-78,-40,-12,-7,-462,291
75863-0.67, 1019.80, 24.00,27,253,19,-76,-17,-12,-7,-461,291
75964-0.70, 1019.79, 24.00,28,254,19,-77,-38,-11,-8,-461,290
76063-0.79, 1019.82, 23.99,26,253,20,-76,-25,-11,-6,-463,291
76158-0.79, 1019.80, 24.00,27,254,18,-79,-44,-10,-7,-462,293
76254-0.99, 1019.76, 23.99,27,253,19,-76,-5,-11,-8,-462,292
76350-0.60, 1019.80, 24.00,28,252,18,-77,-36,-11,-9,-461,292
764450.01, 1019.71, 24.01,26,253,18,-76,-16,-12,-9,-463,291
76540-0.51, 1019.79, 24.00,28,252,19,-78,-33,-10,-9,-463,293
76636-0.39, 1019.73, 24.01,27,253,19,-77,-35,-11,-6,-464,291
76738-0.21, 1019.78, 24.00,28,253,18,-77,-26,-10,-8,-463,290
76836-0.66, 1019.77, 23.99,26,253,17,-77,-25,-9,-6,-464,289
76933-0.75, 1019.70, 24.00,27,252,18,-75,-24,-11,-5,-460,289
77028-0.63, 1019.78, 24.01,26,253,18,-75,-22,-10,-7,-461,291
77123-0.21, 1019.74, 24.00,27,253,20,-76,-20,-9,-9,-463,291
77219-0.41, 1019.72, 24.00,26,253,17,-77,-35,-11,-7,-461,292
77315-0.62, 1019.81, 24.01,28,253,18,-77,-23,-12,-9,-461,291
77410-0.30, 1019.70, 24.01,27,252,18,-77,-41,-11,-10,-461,290
77512-0.60, 1019.79, 24.01,28,253,18,-75,-10,-12,-8,-465,291
77611-0.53, 1019.79, 24.01,27,253,18,-77,-29,-10,-6,-459,292
77707-0.44, 1019.81, 24.01,26,254,20,-76,-41,-11,-8,-461,292
77832-0.21, 1019.78, 24.02,27,254,19,-76,-23,-11,-7,-460,291
77978-0.67, 1019.81, 24.01,27,253,17,-75,-24,-11,-8,-461,289
78074-0.60, 1019.77, 24.01,28,253,18,-78,-47,-12,-7,-463,292
78170-0.51, 1019.79, 24.01,26,253,18,-75,-16,-10,-6,-461,289
78265-0.63, 1019.78, 24.02,25,255,17,-77,-27,-9,-7,-463,291
78361-0.87, 1019.82, 24.02,27,253,18,-77,-41,-11,-7,-460,291
78462-1.28, 1019.76, 24.01,26,254,17,-76,-12,-11,-8,-463,293
78562-0.71, 1019.81, 24.02,29,254,18,-78,-52,-11,-7,-461,290
78657-0.80, 1019.78, 24.02,26,254,18,-78,-40,-12,-9,-466,291
78753-1.01, 1019.77, 24.02,26,254,17,-76,-6,-9,-9,-461,291
78849-1.18, 1019.79, 24.04,29,253,17,-78,-48,-12,-8,-464,292
78944-1.04, 1019.81, 24.02,27,253,18,-80,-51,-10,-10,-462,290
79040-0.80, 1019.80, 24.03,27,253,20,-75,12,-9,-8,-461,292
79135-1.10, 1019.87, 24.02,26,253,19,-80,-67,-12,-8,-461,293
79237-1.13, 1019.81, 24.02,26,254,17,-76,-31,-10,-9,-462,291
79335-0.83, 1019.82, 24.02,27,254,19,-75,14,-11,-10,-463,293
79430-1.16, 1019.90, 24.03,27,254,19,-78,-67,-12,-6,-462,292
79526-0.59, 1019.77, 24.03,25,254,16,-77,-19,-11,-9,-465,292
79622-0.67, 1019.79, 24.04,28,254,18,-73,7,-9,-6,-464,292
79730-0.89, 1019.78, 24.02,27,254,19,-81,-72,-12,-8,-461,289
79843-0.56, 1019.81, 24.02,26,252,20,-73,-4,-9,-6,-461,290
79938-1.07, 1019.81, 24.04,27,254,18,-77,-17,-11,-7,-460,291
80038-1.07, 1019.80, 24.03,26,253,18,-77,-59,-11,-10,-463,289
80134-1.13, 1019.79, 24.02,27,253,17,-75,18,-10,-6,-463,290
80229-0.88, 1019.80, 24.04,28,254,19,-80,-59,-11,-6,-460,292
80324-0.73, 1019.80, 24.04,26,253,17,-76,-21,-11,-9,-464,292
80420-0.25, 1019.75, 24.04,28,253,19,-77,-38,-11,-8,-461,291
80516-0.64, 1019.79, 24.03,27,253,18,-76,-18,-10,-7,-463,291
80611-0.95, 1019.80, 24.02,27,253,18,-78,-44,-10,-8,-463,290
80707-0.67, 1019.83, 24.05,27,252,18,-76,-18,-11,-7,-461,291
80808-0.73, 1019.77, 24.04,27,253,19,-77,-28,-12,-8,-460,289
80908-0.46, 1019.75, 24.04,27,253,17,-77,-34,-12,-6,-463,289
81003-0.94, 1019.81, 24.06,27,252,18,-75,-21,-10,-9,-461,291
81099-0.67, 1019.79, 24.04,27,253,18,-77,-39,-10,-8,-465,290
81195-1.12, 1019.76, 24.04,27,253,19,-74,-7,-12,-10,-464,291
81291-0.69, 1019.76, 24.04,28,253,18,-78,-46,-11,-8,-464,291
81386-0.73, 1019.77, 24.04,26,253,18,-76,-7,-11,-6,-463,291
81482-0.69, 1019.77, 24.05,27,253,18,-77,-33,-11,-9,-463,295
81577-0.73, 1019.78, 24.05,26,253,19,-77,-22,-10,-6,-465,295
81710-0.42, 1019.75, 24.04,28,253,17,-76,-33,-10,-9,-462,292
81808-0.52, 1019.73, 24.04,27,254,19,-76,-22,-11,-9,-462,292
81904-0.19, 1019.83, 24.05,27,254,18,-79,-48,-11,-7,-462,292
81999-0.70, 1019.81, 24.04,26,253,16,-77,-24,-10,-9,-462,292
82096-0.70, 1019.79, 24.05,26,254,18,-76,-21,-11,-9,-465,292
82191-1.09, 1019.85, 24.05,26,253,20,-78,-55,-10,-8,-462,290
82286-1.11, 1019.77, 24.06,27,254,18,-77,-7,-10,-6,-463,290
82382-1.05, 1019.85, 24.05,27,254,21,-76,-28,-9,-8,-464,295
82498-0.42, 1019.82, 24.04,27,253,18,-78,-34,-12,-9,-462,290
82597-0.33, 1019.82, 24.06,26,254,19,-75,-18,-9,-6,-460,290
82693-0.57, 1019.77, 24.06,27,253,18,-76,-22,-11,-8,-466,291
82789-1.11, 1019.79, 24.06,26,254,20,-77,-43,-10,-7,-462,290
82884-0.87, 1019.83, 24.05,28,253,18,-76,1,-10,-9,-466,291
82980-1.25, 1019.81, 24.07,27,255,19,-78,-61,-10,-8,-463,294
83076-0.63, 1019.82, 24.07,26,254,16,-77,-13,-10,-10,-463,289
83171-0.87, 1019.82, 24.06,26,255,17,-76,-20,-11,-8,-460,290
83273-0.87, 1019.80, 24.07,27,252,17,-80,-65,-12,-9,-463,290
83373-0.54, 1019.80, 24.06,27,253,19,-75,5,-11,-9,-463,289
83468-0.50, 1019.75, 24.08,27,252,17,-77,-28,-10,-7,-461,290
83563-0.90, 1019.80, 24.06,26,254,20,-78,-44,-11,-8,-462,291
83659-0.42, 1019.80, 24.06,27,254,16,-74,-11,-10,-8,-459,292
83755-0.75, 1019.80, 24.07,26,254,18,-78,-40,-10,-7,-462,290
83850-0.72, 1019.82, 24.08,27,253,19,-74,-17,-9,-4,-463,292
83946-0.83, 1019.77, 24.08,27,254,19,-78,-29,-10,-7,-460,290
84041-0.35, 1019.78, 24.08,27,253,19,-76,-18,-12,-7,-466,291
84144-0.90, 1019.80, 24.07,27,253,18,-77,-44,-10,-6,-461,291
84242-0.81, 1019.77, 24.08,27,253,21,-75,-13,-11,-8,-464,291
84337-1.10, 1019.81, 24.08,27,253,16,-78,-29,-10,-7,-464,290
84433-0.53, 1019.79, 24.08,28,252,19,-74,6,-11,-8,-463,289
84545-0.74, 1019.77, 24.09,27,255,18,-77,-55,-12,-8,-460,292
84641-0.05, 1019.74, 24.08,26,254,21,-75,5,-10,-7,-464,295
84737-0.11, 1019.75, 24.09,27,254,18,-76,-25,-12,-8,-460,293
84832-0.22, 1019.76, 24.08,25,254,18,-80,-61,-12,-6,-465,289
84934-0.44, 1019.75, 24.08,27,253,17,-73,13,-10,-9,-464,294
85032-0.17, 1019.78, 24.09,28,254,19,-78,-57,-12,-6,-461,291
85129-0.23, 1019.73, 24.08,26,253,19,-76,-22,-10,-9,-463,291
85224-0.13, 1019.76, 24.09,27,253,19,-77,-34,-10,-6,-463,291
85320-0.70, 1019.73, 24.09,28,252,19,-76,-24,-12,-10,-461,290
85430-0.52, 1019.74, 24.08,26,253,19,-77,-22,-11,-8,-461,288
85555-0.71, 1019.76, 24.08,28,253,18,-77,-35,-9,-6,-464,291
85650-0.76, 1019.80, 24.09,25,253,18,-79,-40,-11,-8,-460,292
85752-0.74, 1019.78, 24.08,26,253,20,-76,-13,-10,-8,-464,291
85852-0.44, 1019.79, 24.08,27,253,23,-82,-69,-11,-7,-464,293
85947-0.86, 1019.79, 24.08,30,253,20,-75,-16,-10,-8,-461,293
86042-0.70, 1019.71, 24.09,27,254,18,-77,-24,-10,-10,-462,290
86138-0.79, 1019.75, 24.09,26,253,18,-78,-54,-11,-8,-462,293
86234-0.53, 1019.78, 24.10,26,255,17,-77,-21,-10,-8,-461,289
86330-1.04, 1019.86, 24.09,28,252,18,-75,-10,-11,-7,-463,291
86425-0.65, 1019.78, 24.09,27,253,19,-76,-41,-11,-12,-462,290
86528-0.43, 1019.81, 24.09,27,254,19,-77,-2,-12,-11,-464,292
86626-0.88, 1019.80, 24.10,27,252,18,-77,-39,-12,-7,-461,290
86722-0.88, 1019.80, 24.10,26,253,19,-78,-34,-12,-6,-460,293
86817-0.97, 1019.80, 24.10,26,254,18,-75,-25,-10,-7,-461,292
86914-0.73, 1019.80, 24.10,27,253,17,-78,-23,-11,-6,-463,291
87023-0.79, 1019.80, 24.09,27,253,19,-75,-20,-11,-7,-465,295
87118-0.43, 1019.81, 24.11,27,253,20,-77,-31,-11,-9,-464,292
87215-1.08, 1019.72, 24.10,26,254,18,-75,-25,-12,-5,-460,289
87310-0.63, 1019.82, 24.10,28,253,18,-77,-27,-10,-10,-462,292
87412-0.79, 1019.80, 24.11,26,253,15,-77,-5,-11,-11,-465,293
87512-0.58, 1019.76, 24.11,27,253,17,-75,-28,-10,-7,-463,291
87607-0.63, 1019.76, 24.11,26,254,20,-78,-41,-11,-7,-463,289
87702-0.45, 1019.79, 24.10,27,253,20,-75,-14,-10,-8,-462,291
87798-0.39, 1019.78, 24.09,27,254,18,-78,-39,-11,-5,-463,291
87894-0.69, 1019.78, 24.13,28,253,18,-76,-32,-11,-9,-462,290
87989-0.42, 1019.74, 24.11,27,252,19,-78,-26,-10,-8,-460,288
88085-0.33, 1019.75, 24.11,26,254,19,-76,-11,-11,-9,-465,290
88186-0.09, 1019.71, 24.11,27,253,17,-78,-29,-11,-10,-463,293
88286-0.36, 1019.76, 24.11,27,254,18,-76,-31,-10,-8,-464,291
88381-0.12, 1019.74, 24.11,27,254,20,-77,-26,-11,-9,-463,289
88477-0.54, 1019.76, 24.11,27,254,18,-76,-23,-10,-8,-461,291
88572-1.01, 1019.78, 24.13,27,253,17,-77,-43,-11,-8,-465,290
88668-0.66, 1019.76, 24.13,27,253,17,-76,-23,-11,-9,-462,291
88764-0.72, 1019.74, 24.12,27,254,18,-77,-28,-11,-8,-461,291
88859-0.66, 1019.82, 24.11,26,254,18,-78,-41,-10,-9,-462,293
88962-0.69, 1019.77, 24.12,26,253,19,-75,-15,-10,-10,-463,289
89076-0.57, 1019.77, 24.12,26,254,18,-79,-46,-12,-5,-464,292
89171-0.69, 1019.77, 24.13,27,253,18,-76,-21,-11,-7,-463,292
89268-0.71, 1019.75, 24.13,26,255,17,-76,-22,-11,-8,-465,292
89392-0.62, 1019.75, 24.11,26,253,18,-78,-48,-11,-10,-461,288
89488-0.72, 1019.74, 24.13,26,253,16,-76,-15,-12,-8,-463,290
89583-0.62, 1019.75, 24.13,27,253,18,-77,-36,-11,-9,-461,293
89678-0.44, 1019.75, 24.12,26,254,18,-77,-24,-12,-8,-463,290
89781-0.66, 1019.76, 24.12,25,253,18,-77,-44,-10,-9,-466,290
89880-0.32, 1019.72, 24.12,29,253,20,-75,-13,-10,-7,-460,291
89975-0.66, 1019.78, 24.12,26,253,18,-77,-31,-11,-9,-463,289
90071-0.35, 1019.71, 24.13,26,253,18,-75,-29,-10,-8,-462,290
90167-0.35, 1019.76, 24.13,26,252,19,-77,-30,-10,-9,-463,291
90262-0.26, 1019.79, 24.13,27,253,20,-76,-22,-11,-6,-462,290
90357-0.50, 1019.77, 24.13,27,254,18,-77,-35,-11,-8,-463,291
90452-0.55, 1019.78, 24.14,27,254,17,-77,-29,-10,-8,-462,292
90549-0.29, 1019.73, 24.13,27,253,18,-76,-14,-10,-6,-464,291
90651-0.08, 1019.78, 24.13,28,253,19,-77,-44,-11,-9,-462,291
90749-0.02, 1019.79, 24.14,26,252,17,-78,-28,-11,-11,-463,292
90845-0.02, 1019.80, 24.14,27,254,17,-77,-17,-10,-8,-464,290
90941-0.46, 1019.79, 24.14,27,254,18,-77,-47,-11,-8,-461,292
91036-0.58, 1019.79, 24.14,27,252,19,-76,-15,-10,-7,-462,293
91163-0.61, 1019.73, 24.13,27,253,18,-78,-40,-11,-7,-462,290
91258-0.20, 1019.78, 24.13,26,253,17,-77,-43,-12,-7,-462,292
91355-0.58, 1019.78, 24.13,27,254,19,-75,-1,-10,-9,-461,293
91470-0.50, 1019.75, 24.14,26,254,21,-78,-49,-11,-7,-465,293
91570-0.61, 1019.78, 24.13,27,253,17,-77,-10,-11,-8,-461,292
91665-0.58, 1019.76, 24.15,27,253,18,-76,-30,-12,-8,-464,292
91760-0.55, 1019.80, 24.15,25,254,19,-77,-24,-11,-7,-462,290
91856-0.52, 1019.78, 24.15,26,254,19,-76,-27,-12,-8,-465,292
91952-0.25, 1019.79, 24.15,26,253,18,-77,-14,-10,-5,-461,290
92047-0.76, 1019.78, 24.15,27,254,17,-77,-43,-11,-8,-463,289
92143-0.34, 1019.79, 24.16,26,254,19,-75,-6,-10,-7,-463,291
92244-0.52, 1019.80, 24.15,27,254,17,-76,-25,-10,-9,-461,292
92344-0.40, 1019.75, 24.16,26,254,18,-76,-30,-12,-10,-461,291
924390.15, 1019.71, 24.16,28,253,17,-77,-25,-11,-7,-462,293
92534-0.22, 1019.73, 24.15,27,254,19,-77,-35,-11,-7,-463,292
92631-0.52, 1019.79, 24.16,27,253,20,-77,-26,-11,-9,-462,291
92726-0.45, 1019.78, 24.16,28,252,18,-78,-21,-10,-5,-463,291
92821-0.15, 1019.76, 24.16,26,255,19,-77,-41,-10,-7,-461,292
929170.10, 1019.76, 24.15,25,253,18,-77,-22,-11,-9,-462,293
93017-0.27, 1019.74, 24.16,27,254,20,-77,-30,-10,-10,-463,290
93112-0.31, 1019.73, 24.17,28,253,19,-77,-37,-10,-10,-462,293
93238-0.45, 1019.79, 24.16,26,253,19,-76,-20,-11,-9,-464,289
93333-0.49, 1019.77, 24.15,27,254,19,-77,-18,-11,-7,-461,291
93428-0.34, 1019.75, 24.16,26,253,19,-79,-63,-11,-9,-464,291
93524-0.21, 1019.76, 24.16,26,253,18,-75,5,-11,-9,-465,292
93620-0.15, 1019.75, 24.17,28,253,19,-78,-41,-11,-8,-460,290
93715-0.57, 1019.73, 24.16,27,254,20,-76,-13,-11,-9,-463,291
93827-0.06, 1019.76, 24.15,27,252,19,-76,-18,-10,-9,-462,292
93929-0.39, 1019.77, 24.16,26,253,18,-77,-20,-11,-7,-465,292
94027-0.57, 1019.74, 24.17,29,253,19,-78,-26,-10,-7,-460,291
94124-0.10, 1019.77, 24.18,26,253,19,-78,-42,-11,-7,-463,290
94219-0.30, 1019.77, 24.16,28,254,19,-76,-16,-12,-5,-460,291
94315-0.51, 1019.76, 24.16,26,253,20,-79,-59,-12,-6,-462,292
94410-0.36, 1019.77, 24.18,27,255,17,-75,-1,-12,-7,-464,294
94505-0.21, 1019.72, 24.18,27,253,17,-77,-38,-11,-11,-462,289
94602-1.01, 1019.76, 24.16,27,254,19,-78,-46,-12,-7,-463,292
94704-0.72, 1019.75, 24.18,27,253,19,-76,-19,-10,-11,-460,293
94802-0.36, 1019.72, 24.18,26,253,19,-77,-37,-11,-8,-464,294
94899-0.69, 1019.77, 24.17,27,253,19,-77,-34,-11,-8,-462,290
94994-0.75, 1019.77, 24.18,27,253,19,-76,-9,-11,-7,-454,293
95089-0.75, 1019.79, 24.17,26,254,17,-78,-57,-12,-7,-463,291
95185-0.69, 1019.79, 24.19,26,253,19,-76,-14,-10,-7,-464,290
95281-0.39, 1019.75, 24.18,26,254,18,-76,-22,-10,-9,-463,288
95377-0.66, 1019.74, 24.18,27,254,20,-76,-37,-13,-8,-463,290
95478-0.33, 1019.77, 24.18,27,254,19,-75,-2,-11,-9,-461,291
95578-0.36, 1019.74, 24.18,27,254,21,-77,-37,-12,-9,-461,291
95673-0.41, 1019.74, 24.18,26,254,19,-76,-29,-11,-7,-461,290
95769-0.39, 1019.77, 24.17,26,253,17,-77,-17,-11,-7,-463,291
95864-0.47, 1019.70, 24.18,28,253,18,-76,-14,-10,-9,-462,288
95960-0.23, 1019.72, 24.18,28,253,19,-78,-34,-12,-7,-464,290
960700.34, 1019.76, 24.18,27,254,17,-77,-11,-11,-8,-461,289
96165-0.17, 1019.78, 24.19,26,254,19,-77,-31,-11,-7,-463,293
96262-0.05, 1019.72, 24.17,27,254,18,-76,-21,-11,-5,-461,291
96355-0.29, 1019.75, 24.18,26,253,17,-77,-25,-10,-10,-462,291
96454-0.14, 1019.70, 24.19,28,253,20,-77,-30,-11,-9,-464,292
965490.11, 1019.66, 24.18,28,253,17,-76,-36,-11,-9,-464,291
96646-0.38, 1019.73, 24.18,27,253,19,-77,-25,-11,-8,-459,292
967410.13, 1019.71, 24.18,29,253,19,-74,-10,-12,-5,-462,292
968360.07, 1019.78, 24.18,27,254,18,-79,-38,-11,-10,-459,291
96985-0.30, 1019.71, 24.18,27,252,19,-76,-9,-10,-10,-461,290
971110.10, 1019.77, 24.18,26,254,19,-78,-41,-11,-9,-462,291
97213-0.36, 1019.76, 24.18,27,253,18,-76,-11,-10,-7,-459,293
97312-0.29, 1019.70, 24.18,27,253,18,-76,-22,-11,-7,-461,293
97408-0.02, 1019.72, 24.19,27,253,18,-78,-47,-10,-6,-460,292
97503-0.15, 1019.79, 24.18,26,254,19,-77,-18,-10,-7,-461,290
975990.07, 1019.76, 24.19,27,253,17,-78,-49,-11,-7,-464,292
97694-0.11, 1019.79, 24.18,27,252,18,-78,-21,-10,-6,-463,291
97790-0.41, 1019.73, 24.19,28,254,19,-75,-10,-10,-7,-459,292
97886-0.41, 1019.77, 24.19,27,253,18,-79,-42,-12,-9,-463,290
97988-0.40, 1019.73, 24.19,26,253,18,-75,-20,-11,-6,-463,292
98086-0.19, 1019.75, 24.19,26,254,19,-75,-3,-12,-6,-460,291
98183-0.05, 1019.71, 24.19,27,253,20,-79,-78,-11,-6,-461,293
98278-0.43, 1019.75, 24.20,27,254,18,-75,1,-11,-8,-463,291
98374-0.62, 1019.75, 24.19,26,254,19,-79,-49,-11,-9,-462,293
98486-0.68, 1019.77, 24.19,26,254,17,-78,-27,-12,-8,-463,290
98582-0.74, 1019.73, 24.19,26,254,18,-74,-7,-10,-8,-462,292
98677-0.40, 1019.78, 24.19,28,253,17,-78,-51,-13,-5,-460,290
98780-0.62, 1019.78, 24.19,26,253,19,-76,-30,-11,-10,-460,288
98878-0.62, 1019.78, 24.19,28,252,18,-75,-8,-10,-9,-460,293
98974-0.50, 1019.78, 24.20,26,254,19,-80,-71,-11,-10,-463,289
99069-0.50, 1019.77, 24.19,27,254,17,-72,-3,-8,-10,-464,295
99166-0.49, 1019.75, 24.19,27,254,21,-75,-10,-12,-8,-463,290
99261-0.82, 1019.75, 24.19,25,254,18,-77,-55,-12,-10,-463,292
99356-0.52, 1019.70, 24.20,27,253,17,-76,10,-10,-9,-465,291
99452-0.52, 1019.74, 24.19,27,253,18,-77,-50,-11,-5,-464,291
99548-0.16, 1019.74, 24.19,25,253,17,-78,-43,-11,-11,-462,289
99650-0.29, 1019.75, 24.19,28,254,20,-76,-13,-10,-8,-463,291
99748-0.32, 1019.75, 24.19,28,253,17,-79,-52,-11,-6,-463,292
99845-0.05, 1019.72, 24.20,27,254,18,-76,-7,-10,-8,-462,293
99940-0.59, 1019.74, 24.20,26,254,17,-76,-35,-11,-9,-462,290
100035-0.40, 1019.83, 24.20,27,254,19,-78,-34,-12,-6,-464,291
100131-0.34, 1019.78, 24.21,27,253,22,-74,-15,-9,-5,-463,293
100227-0.64, 1019.80, 24.21,26,253,18,-77,-21,-11,-7,-462,289
100323-0.88, 1019.75, 24.20,28,253,18,-76,-23,-12,-8,-460,288
100424-0.13, 1019.71, 24.20,27,253,18,-79,-39,-11,-11,-462,290
100539-0.85, 1019.75, 24.19,26,254,19,-74,-14,-10,-7,-461,293
100635-0.29, 1019.75, 24.19,27,253,19,-79,-40,-11,-5,-463,293
100730-0.40, 1019.76, 24.20,28,253,19,-75,-23,-10,-8,-463,291
100827-0.27, 1019.72, 24.21,26,253,18,-77,-20,-11,-9,-464,289
100952-0.34, 1019.68, 24.19,27,254,19,-78,-59,-10,-8,-463,290
101047-0.22, 1019.75, 24.19,27,252,18,-75,11,-12,-5,-463,289
101143-0.55, 1019.82, 24.20,27,253,20,-79,-68,-11,-9,-461,293
101244-0.49, 1019.81, 24.21,27,255,18,-76,-6,-11,-8,-463,291
101344-0.46, 1019.75, 24.20,27,253,18,-78,-41,-10,-8,-464,290
101439-0.40, 1019.76, 24.22,28,253,16,-75,-20,-12,-7,-464,292
101535-0.67, 1019.81, 24.21,26,254,18,-78,-48,-11,-6,-461,293
101630-0.49, 1019.74, 24.21,27,254,18,-75,-7,-11,-9,-461,290
101726-0.87, 1019.81, 24.21,28,253,19,-79,-49,-10,-7,-464,292
101822-0.63, 1019.84, 24.21,26,253,18,-78,-40,-13,-9,-465,290
101917-0.45, 1019.79, 24.21,26,254,17,-77,-41,-10,-9,-462,291
102020-0.63, 1019.79, 24.22,27,253,17,-78,-27,-10,-6,-462,296
102118-0.72, 1019.75, 24.20,27,253,19,-77,-22,-12,-9,-462,291
102214-0.81, 1019.83, 24.21,26,255,18,-79,-44,-10,-11,-462,292
102309-0.81, 1019.75, 24.21,27,255,19,-75,-8,-11,-8,-464,291
102406-0.31, 1019.78, 24.21,27,254,19,-73,-27,-9,-5,-462,290
102501-0.30, 1019.81, 24.22,27,254,18,-78,-42,-10,-8,-464,290
102596-0.30, 1019.76, 24.22,26,253,15,-75,-22,-8,-9,-463,291
102706-0.24, 1019.80, 24.21,28,252,15,-77,-51,-11,-9,-462,292
102807-0.72, 1019.84, 24.21,27,253,18,-75,-7,-11,-9,-463,290
102906-0.36, 1019.82, 24.22,28,252,17,-79,-43,-11,-9,-463,294
103018-0.72, 1019.78, 24.21,29,254,20,-80,-32,-11,-10,-462,292
103113-0.81, 1019.78, 24.23,28,254,19,-76,-7,-12,-8,-465,291
103209-0.93, 1019.82, 24.22,27,253,17,-77,-41,-13,-7,-460,291
103305-0.90, 1019.84, 24.23,26,255,18,-74,-21,-11,-8,-462,292
103401-0.90, 1019.78, 24.23,31,254,9,-72,-11,-10,-10,-460,292
103496-0.78, 1019.82, 24.23,27,253,16,-77,-53,-9,-8,-462,293
103599-0.57, 1019.83, 24.22,26,253,19,-75,-1,-10,-6,-464,290
103697-0.81, 1019.81, 24.23,27,253,18,-78,-59,-11,-8,-462,288
103792-0.33, 1019.82, 24.23,27,252,18,-77,-21,-10,-11,-463,291
103888-0.54, 1019.77, 24.23,28,254,18,-76,-22,-10,-6,-462,291
103984-0.83, 1019.83, 24.23,28,253,17,-80,-38,-11,-8,-463,292
104079-1.11, 1019.85, 24.23,27,252,19,-76,-37,-11,-10,-464,289
104175-0.62, 1019.73, 24.24,28,253,19,-73,1,-10,-8,-459,291
104270-0.06, 1019.78, 24.24,26,254,18,-79,-59,-12,-10,-463,291
104367-0.69, 1019.75, 24.25,26,254,18,-76,-7,-12,-10,-460,289
104468-0.78, 1019.77, 24.23,27,254,17,-77,-27,-9,-9,-465,290
104567-1.01, 1019.81, 24.24,26,253,19,-78,-49,-11,-8,-465,292
104663-0.65, 1019.82, 24.24,26,254,18,-76,-14,-11,-9,-460,288
104787-0.48, 1019.74, 24.23,28,252,18,-78,-39,-10,-7,-463,293
104883-0.48, 1019.79, 24.24,26,254,17,-77,-33,-13,-8,-463,291
104993-0.68, 1019.75, 24.23,26,253,19,-77,-11,-10,-10,-462,294
105089-0.50, 1019.76, 24.24,28,251,17,-80,-57,-12,-5,-459,292
105184-0.68, 1019.79, 24.23,27,254,20,-75,-39,-11,-9,-466,289
105285-0.83, 1019.79, 24.24,28,254,17,-77,-5,-9,-9,-464,292
105383-0.50, 1019.78, 24.25,28,253,18,-76,-44,-12,-10,-462,289
105480-0.32, 1019.76, 24.24,26,254,16,-78,-40,-10,-9,-465,290
1055750.04, 1019.76, 24.25,27,253,19,-76,-9,-9,-10,-462,293
105670-0.47, 1019.82, 24.26,27,254,20,-77,-45,-12,-8,-463,292
105766-0.58, 1019.75, 24.25,26,254,21,-75,-13,-10,-8,-464,290
105862-0.41, 1019.77, 24.24,27,253,20,-77,-21,-12,-9,-460,292
105957-0.38, 1019.74, 24.25,25,254,20,-79,-51,-10,-9,-465,289
106084-0.32, 1019.74, 24.24,28,253,18,-76,-4,-10,-9,-463,292
106179-0.25, 1019.81, 24.24,26,253,18,-78,-63,-12,-11,-463,289
106274-0.38, 1019.80, 24.26,26,254,18,-77,-11,-11,-9,-464,292
106371-0.47, 1019.71, 24.25,28,255,19,-75,-19,-11,-10,-461,290
106466-0.34, 1019.76, 24.25,28,254,17,-78,-59,-11,-10,-462,291
106561-0.91, 1019.78, 24.26,25,254,20,-75,0,-10,-7,-463,293
106657-1.00, 1019.76, 24.26,28,254,16,-74,-31,-9,-9,-461,291
106753-0.97, 1019.84, 24.26,25,254,17,-79,-41,-12,-5,-464,293
106855-0.73, 1019.80, 24.26,26,254,20,-73,4,-10,-6,-461,293
106953-0.73, 1019.80, 24.26,26,255,20,-83,-74,-11,-8,-460,289
107049-0.88, 1019.82, 24.26,27,252,21,-77,-12,-10,-10,-465,291
107145-1.06, 1019.80, 24.26,27,254,19,-71,13,-10,-8,-463,290
107240-0.19, 1019.77, 24.26,26,254,19,-79,-72,-12,-10,-462,291
107336-0.34, 1019.80, 24.27,27,254,16,-78,-10,-11,-11,-462,291
107431-0.40, 1019.74, 24.27,28,253,19,-74,-23,-11,-10,-458,291
107528-0.54, 1019.77, 24.27,27,254,18,-78,-51,-10,-8,-463,292
107630-0.30, 1019.73, 24.26,27,253,18,-73,32,-10,-9,-462,292
107745-0.27, 1019.77, 24.26,28,253,17,-81,-81,-13,-5,-464,290
107841-0.40, 1019.72, 24.26,421,-1742,-270,-155,-467,77,-10,-453,295
107937-0.15, 1019.77, 24.26,34,6,9,-93,-108,-5,-5,-472,292
108033-0.67, 1019.81, 24.27,-15,137,54,-78,-139,0,-12,-464,293
108128-0.45, 1019.77, 24.28,19,214,21,-41,83,-5,-20,-463,294
108224-0.72, 1019.81, 24.27,21,257,-2,-81,164,-5,-16,-459,294
108319-0.52, 1019.82, 24.27,25,255,29,-68,-30,-19,-10,-454,296
108465-0.85, 1019.81, 24.26,28,253,17,-68,35,-11,-19,-457,290
108564-0.67, 1019.81, 24.27,25,253,30,-79,56,-8,-11,-458,292
108659-0.36, 1019.75, 24.26,30,252,27,-69,-50,-14,-13,-456,293
108755-0.90, 1019.81, 24.26,33,252,23,-88,-42,-9,-13,-459,292
108851-0.52, 1019.80, 24.28,23,251,26,-62,17,-8,-12,-458,291
108947-0.81, 1019.79, 24.27,26,256,21,-89,-82,-15,-11,-457,294
109042-0.40, 1019.78, 24.28,24,252,21,-71,-28,-10,-11,-458,292
109138-0.48, 1019.80, 24.28,32,255,18,-82,-27,-11,-10,-456,291
109240-0.93, 1019.83, 24.29,22,250,17,-75,-30,-13,-11,-457,296
109353-1.11, 1019.80, 24.28,34,250,6,-90,-31,-14,-13,-462,292
109450-1.14, 1019.80, 24.28,20,257,21,-74,12,-10,-10,-457,291
109545-0.54, 1019.81, 24.28,18,253,23,-76,-23,-12,-9,-459,295
109641-0.81, 1019.81, 24.29,29,256,21,-81,-83,-12,-11,-458,293
109736-0.84, 1019.79, 24.29,35,253,13,-79,-119,-13,-13,-460,294
109833-0.39, 1019.80, 24.29,18,261,19,-71,76,-8,-13,-458,292
109928-0.93, 1019.79, 24.29,38,252,15,-80,-60,-9,-10,-456,292
110030-0.72, 1019.82, 24.29,3,265,19,-80,-76,-14,-10,-459,294
110130-0.66, 1019.80, 24.28,40,248,22,-63,168,-7,-8,-457,292
110225-0.60, 1019.80, 24.29,32,254,25,-77,-13,-13,-9,-458,293
110320-0.66, 1019.82, 24.28,28,258,26,-79,-103,-13,-7,-458,294
110416-0.94, 1019.79, 24.29,21,266,19,-100,-350,-17,-12,-457,293
110513-0.65, 1019.78, 24.30,21,264,10,-81,-98,-11,-17,-459,292
110608-0.89, 1019.78, 24.30,2,297,14,-62,154,-9,-17,-463,295
110704-0.73, 1019.77, 24.30,86,279,0,-59,186,6,-15,-462,289
110799-0.50, 1019.85, 24.29,-20,393,49,-99,-265,-25,-7,-464,290
110903-0.95, 1019.80, 24.29,13,347,-20,-184,-1303,-15,-13,-481,294
111001-0.44, 1019.78, 24.31,-46,309,10,-121,-755,-36,-66,-530,314
111097-0.76, 1019.75, 24.31,41,373,7,-17,671,16,-42,-542,305
111194-0.31, 1019.77, 24.31,97,413,10,-61,-135,-23,1,-553,314
1112890.14, 1019.75, 24.30,30,500,18,-18,196,3,67,-634,372
1113840.30, 1019.66, 24.31,38,595,28,-18,502,-10,72,-572,431
1114800.36, 1019.64, 24.31,24,645,16,-73,52,-11,21,-389,438
1115760.94, 1019.61, 24.30,36,691,25,-85,-185,-8,-24,-292,456
1116781.82, 1019.43, 24.31,54,757,35,-64,-166,-26,-110,-44,526
1117772.67, 1019.35, 24.30,65,803,31,119,-440,174,-41,-259,331
1118733.52, 1019.20, 24.31,74,836,19,475,-361,478,-38,-269,343
1119694.76, 1019.07, 24.30,70,865,25,844,-90,765,-30,-289,319
1120646.46, 1018.87, 24.31,53,862,17,1176,326,1141,-19,-293,290
1121598.67, 1018.50, 24.32,46,904,36,1391,817,1457,-14,-295,262
11228514.19, 1017.65, 24.31,-18,897,43,1435,580,1975,-2,-265,171
11238121.38, 1016.86, 24.31,-98,973,13,1098,3437,2310,-36,-202,83
11250028.30, 1016.18, 24.32,-199,922,-69,-374,970,2021,-79,-123,42
11259935.77, 1015.01, 24.31,-317,935,61,-692,-6791,1773,-150,-126,-7
11269543.92, 1015.38, 24.31,6,915,341,1187,-5194,909,-179,-179,-23
11279135.46, 1015.52, 24.31,56,907,351,2170,-3661,83,-232,-143,-36
11288635.62, 1014.99, 24.31,443,899,228,1484,-10613,-1372,-215,-118,-25
11298343.65, 1014.46, 24.30,483,833,105,-36,-2505,-2618,-160,-147,-13
11307940.57, 1014.86, 24.29,399,765,251,1517,9184,-2207,-68,-158,51
11318039.84, 1015.76, 24.30,-115,913,196,2913,10136,912,-158,2,101
11328042.36, 1014.49, 24.31,-264,444,-222,1135,15596,2372,-517,-88,208
113372, abriu
11337933.91, 1015.92, 24.29,218,237,-317,-699,16399,158,-348,-334,245
11347229.08, 1016.37, 24.31,199,93,66,1054,17191,-1687,42,-227,471
11356822.77, 1016.18, 24.29,-79,116,-242,3002,17866,259,-283,-141,509
11366421.28, 1017.04, 24.29,241,161,-348,717,19114,1903,-331,-399,527
11377422.09, 1017.26, 24.30,30,97,-116,601,19879,-1690,9,-218,517
11387631.05, 1016.78, 24.28,-135,284,-416,3269,20452,1258,-339,-182,526
11397623.27, 1016.84, 24.28,313,42,-123,-686,22132,345,91,-357,477
11407118.97, 1016.49, 24.29,-113,-5,-509,3763,24494,-934,-265,-106,468
11416720.57, 1017.23, 24.28,245,135,-507,105,25142,1921,105,-382,381
11427813.13, 1017.59, 24.28,-90,-17,-594,4027,26474,-603,-297,-91,369
11437411.80, 1018.06, 24.27,245,86,-549,-229,26283,931,87,-325,294
1144699.83, 1018.15, 24.28,-61,-14,-547,3933,26673,-840,-346,-126,285
